,source,title,content,description,url,published_at,tags
0,France 24,"أوكرانيا تعلن تدمير مستودع روسي يضم 400 طائرة مسيرة إيرانية من طراز ""شاهد""","
أعلن الجيش الأوكراني الأربعاء في منشور له على تطبيق تلغرام أنه دمر مستودعا في جنوب روسيا يضم حوالى 400 طائرة مسيرة مفخخة إيرانية الصنع من طراز ""شاهد"".
وقال الجيش إن قواته ""هاجمت مستودعا لطائرات مسيرة من طراز شاهد بالقرب من أوكتيابرسكي في منطقة كراسنودار الروسية (...) حوالي 400 طائرة مسيرة هجومية كانت مخزنة هناك"".
وأظهرت مقاطع فيديو انتشرت على مواقع التواصل الاجتماعي ويُعتقد أنها التقطت في المنطقة كرة لهب ضخمة تضيء عتمة الليل وتليها سلسلة انفجارات. وأضاف الجيش أن ""تدمير القاعدة المخصصة لتخزين مسيرات شاهد سيقلل بشكل كبير قدرة المحتل الروسي على ترويع المدنيين في المدن والقرى الأوكرانية"".
وتقع منطقة كراسنودار في شرق شبه جزيرة القرم الأوكرانية المطلة على البحر الأسود والتي ضمتها روسيا إليها في 2014. وتبعد هذه المنطقة حوالي 150 كلم من خطوط الجبهة الأمامية الأوكرانية.
و""شاهد"" طائرة مفخخة إيرانية بدون طيار استخدمتها موسكو على نطاق واسع منذ بدء غزو أوكرانيا في شباط/فبراير 2022.
ولم تعلّق روسيا في الحال على هذه الأنباء، لكن السلطات المحلية في كراسنودار أفادت باندلاع ""حريق في مستودع"" تبلغ مساحته نحو 800 متر مربع. وأضافت على تطبيق تلغرام ""بحسب المعلومات الأولية، لا يوجد ضحايا"".

فرانس24/ أ ف ب","
                                        أصدر الجيش الأوكراني منشورا على تطبيق تلغرام يعلن فيه مهاجمته مستودعا للمسيرات في منطقة كراسنودار في شرق شبه جزيرة القرم المطلة على البحر الأسود. وذكر الجيش أن المستودع كان يضم 400 طائرة مسيرة مفخخة إيرانية من طراز ""شاهد"". وأفادت السلطات المحلية في كراسنودار باندلاع ""حريق في مستودع"" دون سقوط ضحايا.                ",https://www.france24.com/ar/%D8%A3%D9%88%D8%B1%D9%88%D8%A8%D8%A7/20241010-%D8%A3%D9%88%D9%83%D8%B1%D8%A7%D9%86%D9%8A%D8%A7-%D8%AA%D8%B9%D9%84%D9%86-%D8%AA%D8%AF%D9%85%D9%8A%D8%B1-%D9%85%D8%B3%D8%AA%D9%88%D8%AF%D8%B9-%D8%B1%D9%88%D8%B3%D9%8A-%D9%8A%D8%B6%D9%85-400-%D8%B7%D8%A7%D8%A6%D8%B1%D8%A9-%D9%85%D8%B3%D9%8A%D8%B1%D8%A9-%D8%A5%D9%8A%D8%B1%D8%A7%D9%86%D9%8A%D8%A9-%D9%85%D9%86-%D8%B7%D8%B1%D8%A7%D8%B2-%D8%B4%D8%A7%D9%87%D8%AF,10/10/2024 - 08:44,"

                                    أوروبا
                            "
1,France 24,لماذا تطالب الجزائر بمراجعة اتفاق الشراكة مع الاتحاد الأوروبي؟,,"
                                                يتوقف حكيم بالطيفة في فقرة وجها لوجه عند مطالبة الجزائر على لسان رئيسها عبد المجيد تبون ووزير خارجيتها أحمد عطاف بمراجعة اتفاق الشراكة الذي يربطها بالاتحاد الأوروبي بشكل يوازن مصالح الطرفين ويدعم جهود التنمية في البلاد من دون قيد أوشرط أو عوائق، مع الضيفين: من مدينة معسكر بالغرب الجزائري، الدكتور أبو الفضل محمد بهلولي أستاذ العلوم السياسية والقانون العام بجامعة معسكر ومن بون في ألمانيا السيد منصف السليمي الصحفي المختص بالشؤون المغاربية والأوروبية.                     ",https://www.france24.com/ar/%D9%81%D9%8A%D8%AF%D9%8A%D9%88/20241010-%D9%88%D8%AC%D9%87%D8%A7-%D9%84%D9%88%D8%AC%D9%87-1,10/10/2024 - 22:12,"

                                    الأخبار المغاربية
                            "
2,France 24,قصف إسرائيلي عنيف على ضاحية بيروت ومحاولات إسرائيلية مستمرة للتوغل في الجنوب,,"
                                                تدور معارك بين حزب الله والجيش الإسرائيلي في مناطق حدودية في جنوب لبنان، بينما أعلن الجيش الخميس تنفيذ غارات جوية جديدة استهدفت مواقع للحزب في الضاحية الجنوبية لبيروت. ومن جهته أعلن حزب الله أن مقاتليه يخوضون اشتباكات مع قوات اسرائيلية حاولت التقدّم إلى بلدات حدودية.                     ",https://www.france24.com/ar/%D9%81%D9%8A%D8%AF%D9%8A%D9%88/20241010-%D9%82%D8%B5%D9%81-%D8%A5%D8%B3%D8%B1%D8%A7%D8%A6%D9%8A%D9%84%D9%8A-%D8%B9%D9%86%D9%8A%D9%81-%D8%B9%D9%84%D9%89-%D8%A7%D9%84%D8%B6%D8%A7%D8%AD%D9%8A%D8%A9-%D8%A7%D9%84%D8%AC%D9%86%D9%88%D8%A8%D9%8A%D8%A9-%D9%88%D9%85%D8%AD%D8%A7%D9%88%D9%84%D8%A7%D8%AA-%D8%A5%D8%B3%D8%B1%D8%A7%D8%A6%D9%8A%D9%84%D9%8A%D8%A9-%D9%84%D9%84%D8%AA%D9%88%D8%BA%D9%84,10/10/2024 - 10:02,"
                                    الأخبار المغاربية
                            "
3,France 24,هل اشترى فولوديمير زيلينسكي سيارة كانت تعود لهتلر؟,,"
                                                انتشر فيديو على وسائل التواصل الاجتماعي ادعى من خلاله مستخدمون أن الرئيس الأوكراني فولوديمير زيلينسكي اشترى سيارة كانت تعود لهيتلر. ما حقيقة الادعاء؟                    ",https://www.france24.com/ar/%D8%A8%D8%B1%D8%A7%D9%85%D8%AC/%D8%AD%D9%82%D9%8A%D9%82%D8%A9-%D8%A3%D9%85-%D9%81%D8%A8%D8%B1%D9%83%D8%A9/20241010-%D9%87%D9%84-%D8%A7%D8%B4%D8%AA%D8%B1%D9%89-%D9%81%D9%88%D9%84%D9%88%D8%AF%D9%8A%D9%85%D9%8A%D8%B1-%D8%B2%D9%8A%D9%84%D9%8A%D9%86%D8%B3%D9%83%D9%8A-%D8%B3%D9%8A%D8%A7%D8%B1%D8%A9-%D9%83%D8%A7%D9%86%D8%AA-%D8%AA%D8%B9%D9%88%D8%AF-%D9%84%D9%87%D8%AA%D9%84%D8%B1,10/10/2024 - 22:55,"

                                    أفريقيا
                            "
4,France 24,بسمة الحسيني: أولويات الإغاثة الثقافية في المناطق المنكوبة,,"
                                                في هذا العدد من ثقافة، تستضيف ليانا صالح الفاعلة الثقافية ومديرة منظمة العمل للأمل بسمة الحسيني للحديث عن أولويات العمل الثقافي في ظل الحرب المستمرة التي بدأت في قطاع غزة قبل عام من الآن ...                    ",https://www.france24.com/ar/%D8%A8%D8%B1%D8%A7%D9%85%D8%AC/%D8%AB%D9%82%D8%A7%D9%81%D8%A9/20241010-%D8%A8%D8%B3%D9%85%D8%A9-%D8%A7%D9%84%D8%AD%D8%B3%D9%8A%D9%86%D9%8A-%D8%A3%D9%88%D9%84%D9%88%D9%8A%D8%A7%D8%AA-%D8%A7%D9%84%D8%A5%D8%BA%D8%A7%D8%AB%D8%A9-%D8%A7%D9%84%D8%AB%D9%82%D8%A7%D9%81%D9%8A%D8%A9-%D9%81%D9%8A-%D8%A7%D9%84%D9%85%D9%86%D8%A7%D8%B7%D9%82-%D8%A7%D9%84%D9%85%D9%86%D9%83%D9%88%D8%A8%D8%A9,10/10/2024 - 18:03,"

                                    أفريقيا
                            "
5,France 24,"إعصار ميلتون ""الخطر للغاية"" يجتاح سواحل فلوريدا مصحوبا بأمطار غزيرة ورياح عاتية","
بدأ الإعصار ميلتون، المصنف ""خطر للغاية"" من الفئة الثالثة على مقياس من خمس فئات تصاعدية، باجتياح سواحل ولاية فلوريدا جنوب الولايات المتحدة ليل الأربعاء. وصاحب الإعصار رياح عاتية وأمطار غزيرة وفيضانات مفاجئة، ما ينذر بليلة طويلة وقاسية على سكان المنطقة التي تعرضت لإعصار مدمر آخر قبل أسبوعين فقط.
وأورد المركز الوطني للأعاصير أن ""البيانات تشير إلى أن عين الإعصار ميلتون وصلت إلى اليابسة بالقرب من سييستا كي بمقاطعة ساراسوتا"" المكتظة بالسكان، والواقعة على الساحل الغربي لولاية فلوريدا. وحذر المركز من أمواج مد وجزر يتوقع أن تغمر ساحل الخليج المكتظ بالسكان في غرب فلوريدا، وسط مخاوف من حدوث دمار هائل واحتمال سقوط قتلى.
ومن المتوقع أن يضرب الإعصار ميلتون لاحقا المناطق الداخلية، وصولا إلى المحيط الأطلسي، حيث يمر مساره بمدينة أورلاندو السياحية، موطن عالم والت ديزني.
وفي المدن الواقعة على طول الساحل الغربي لولاية فلوريدا، عصفت الرياح بشدة وهطلت الأمطار بغزارة. وفي مدينة ساراسوتا القريبة من سييستا كي، تسببت الزوابع بتطاير ألواح الزجاج من المباني الواقعة على الواجهة البحرية، في حين كانت الشوارع مهجورة.
وكانت الرياح عاتية لدرجة أن الأشجار انحنت بالكامل تقريبا، إذ بدت بالكاد قادرة على تحمل شدة هذه الزوابع. وأغلقت المتاجر أبوابها التي تم تدعيمها بأكياس من الرمل، وكتب أحدهم على لوح خشبي ثبت على نافذة مبنى قديم من الطوب الأحمر: ""ارفق بنا يا ميلتون"".
وحرم ما لا يقل عن 1,6 مليون منزل من التيار الكهربائي ليل الأربعاء الخميس على ما ذكر الموقع المتخصص ""باور اوتيتدج"". وتراجع تصنيف ميلتون إلى الفئة الثالثة على سلم من خمس فئات، إلا ان المركز الأمريكي للأعاصير لا يزال يعتبره ""قويا"".
وحذر الرئيس الأمريكي جو بايدن مساء الأربعاء من أنه يُنتظر أن يكون ميلتون ""من أكثر الأعاصير تدميرا منذ قرن في فلوريدا"". وتسبب ميلتون المصحوب ب""رياح قصوى"" منذ بلوغه اليابسة، بفيضانات ""مباغتة"" على ما أوضحت نشرة المركز الأمريكي للأعاصير.
وتوقع المركز الأمريكي للأعاصير أن يعبر ميلتون ولاية فلوريدا من غربها إلى شرقها مرورا خصوصا بمدينة أورلاندو حيث أغلقت متنزهات ديزني الشهيرة أبوابها. وتوقفت حركة الملاحة أيضا في مطاري تامبا وساراسوتا. وسجلت زوابع أيضا في وسط الولاية وجنوبها بحسب محطة ""وسذر تشانيل"" المتخصصة.


في المنطقة التي بلغ فيها ميلتون اليابسة، تحصن السكان في الداخل في منازلهم أو في مراكز خصصت لذلك.
قبل وصول الإعصار إلى تامبا، قال راندي برايور البالغ 36 عاما إنه ""متوتر"" مؤكدا أن المنطقة لا تزال تعاني تداعيات الإعصار هيلين الذي ""أشبع التربة ماء"". وفي مدينة فورت مييرز الكبيرة على ساحل الولاية الغربي، شددت ديبي إدواردز على أن ""الجميع قلق"" مضيفة ""يبدو كأن أعراض ما بعد الصدمة حلت علينا"" بعد إعصار إيان المدمر قبل سنتين. إلا انها قررت عدم الرحيل.
وبعد أسبوعين من مرور الإعصار هيلين في المنطقة نفسها وأسفر عن ما لا يقل عن 236 قتيلا في جنوب شرق الولايات المتحدة بينهم 15 على الأقل في فلوريدا، حذرت دايان كريسويل مديرة الوكالة الفدرالية للاستجابة للكوارث الطبيعية من أن ميلتون ""سيكون عاصفة قاتلة وكارثية"". ومنذ أيام تحض السلطات سكان المناطق المعنية بتعليمات إخلاء على المغادرة مؤكدة ""إنها مسألة حياة أو موت"".
والأعاصير شائعة في فلوريدا ثالث كبرى ولايات المتحدة من حيث عدد السكان والتي تجذب الكثير من السياح. إلا ان التغير المناخي من خلال رفع حرارة مياه البحار يزيد من قوة الأعاصير بسرعة ومن خطر وقوع ظواهر قصوى على ما يفيد العلماء.

وقبيل وصول عين الإعصار إلى سواحل فلوريدا، صرح رون دي سانتيس حاكم الولاية خلال مؤتمر صحفي: ""حسنا، لقد وصلت العاصفة. حان الوقت للجميع للاحتماء"".
وقال دي سانتيس ""إن الأوان فات، وأصبح من الخطر للغاية إجلاء أي شخص""، داعيا بالتالي الناس إلى ملازمة أماكنهم والصمود في وجه العاصفة أينما كانوا. وأضاف الحاكم: ""ابقوا في الداخل، وابتعدوا عن الطرق. مياه الفيضانات والأمواج المرتفعة خطرة للغاية"".
وبسبب الإعصار، أغلق مطارا تامبا وساراسوتا حتى إشعار آخر. ويذكر أن الإعصار ميلتون وصل بعد أسبوعين فقط من الإعصار المدمر هيلين الذي ضرب فلوريدا وولايات أخرى في جنوب شرق البلاد، وخلف دمارا جسيما وخسائر بشرية فادحة.","
                                        ضرب إعصار ميلتون ""الخطر للغاية"" ليل الأربعاء سواحل فلوريدا بقوة، مصحوبا برياح عاتية وأمطار غزيرة وفيضانات. ويصل الإعصار من الفئة الثالثة إلى اليابسة قرب سييستا كي، مهددا حياة السكان وممتلكاتهم. كما يتجه الإعصار نحو المناطق الداخلية، مرورا بأورلاندو، وسط توقعات بدمار هائل. يأتي هذا بعد أسبوعين فقط من إعصار هيلين المدمر، ما يزيد من صعوبة الوضع في الولاية.                ",https://www.france24.com/ar/%D8%A3%D9%85%D8%B1%D9%8A%D9%83%D8%A7/20241010-%D8%A5%D8%B9%D8%B5%D8%A7%D8%B1-%D9%85%D9%8A%D9%84%D8%AA%D9%88%D9%86-%D8%A7%D9%84%D8%AE%D8%B7%D8%B1-%D9%84%D9%84%D8%BA%D8%A7%D9%8A%D8%A9-%D9%8A%D8%AC%D8%AA%D8%A7%D8%AD-%D8%B3%D9%88%D8%A7%D8%AD%D9%84-%D9%81%D9%84%D9%88%D8%B1%D9%8A%D8%AF%D8%A7-%D8%A8%D8%B1%D9%8A%D8%A7%D8%AD-%D8%B9%D8%A7%D8%AA%D9%8A%D8%A9-%D9%88%D8%A3%D9%85%D8%B7%D8%A7%D8%B1-%D8%BA%D8%B2%D9%8A%D8%B1%D8%A9,10/10/2024 - 05:26,"

                                    أمريكا
                            "
6,France 24,"قطاع الدفاع الفرنسي لن يتأثر بـ""التقشف"" في مشروع الميزانية لعام 2025",,"
                                                يبدأ مجلس الوزراء الفرنسي، مساء الخميس، المناقشات المتعلقة بمشروع قانون المالية للعام 2025. معالجة العجز في الميزانية العامة هي المهمة الشاقة الملقاة على عاتق حكومة ميشيل بارنييه، التي تريد شد الأحزمة، لتعتصر 60 مليار يورو، من خلال التقشف وزيادة الضرائب على ""المنازل الأثرى"" والشركات الكبرى. وزير الجيوش الفرنسي، سيباستيان لوكورنو، أكد أن قطاع الدفاع ""لن يتأثر بخطة التقشف"".                    ",https://www.france24.com/ar/%D8%A8%D8%B1%D8%A7%D9%85%D8%AC/%D8%A7%D9%84%D8%A7%D9%82%D8%AA%D8%B5%D8%A7%D8%AF-%D8%A7%D9%84%D9%8A%D9%88%D9%85/20241010-%D9%85%D9%8A%D8%B2%D8%A7%D9%86%D9%8A%D8%A9-2025-%D9%88%D8%B2%D8%A7%D8%B1%D8%A9-%D8%A7%D9%84%D8%AF%D9%81%D8%A7%D8%B9-%D8%A7%D9%84%D9%81%D8%B1%D9%86%D8%B3%D9%8A%D8%A9-%D9%84%D9%86-%D8%AA%D8%AA%D8%A3%D8%AB%D8%B1-%D8%A8%D8%A5%D8%AC%D8%B1%D8%A7%D8%A1%D8%A7%D8%AA-%D8%A7%D9%84%D8%AA%D9%82%D8%B4%D9%81,10/10/2024 - 15:03,"

                                    اقتصاد
                            "
7,France 24,تداعيات إعصار ميلتون على الانتخابات الأمريكية في فلوريدا,,"
                                                أحدث إعصار ميلتون الذي ضرب ولاية فلوريدا الأميركية دمارا واسع النطاق من غرب الولاية إلى شرقها، حيث تسبب بزوابع أدت إلى مصرع أربعة أشخاص على الأقل وانقطاع الكهرباء عن ملايين الأشخاص الخميس.و يتخوف المحللون من تأثير الإعصار على مسار الانتخابات الأمريكية.                     ",https://www.france24.com/ar/%D9%81%D9%8A%D8%AF%D9%8A%D9%88/20241010-%D8%AA%D8%AF%D8%A7%D8%B9%D9%8A%D8%A7%D8%AA-%D8%A7%D8%B9%D8%B5%D8%A7%D8%B1-%D9%85%D9%8A%D9%84%D8%AA%D9%88%D9%86-%D8%B9%D9%84%D9%89-%D8%A7%D9%84%D8%A7%D9%86%D8%AA%D8%AE%D8%A7%D8%A8%D8%A7%D8%AA-%D8%A7%D9%84%D8%A3%D9%85%D8%B1%D9%8A%D9%83%D9%8A%D8%A9-%D9%81%D9%8A-%D9%81%D9%84%D9%88%D8%B1%D9%8A%D8%AF%D8%A7,10/10/2024 - 16:36,"
                                    الأخبار المغاربية
                            "
8,France 24,ماذا رشح عن الاتصال الهاتفي بين بايدن ونتنياهو؟,,"
                                                قال البيت الأبيض إن بايدن ونتنياهو تحدثا عن خطط إسرائيل في مكالمة استمرت 30 دقيقة. وقالت كارين جان بيير المتحدثة باسم البيت الأبيض لصحفيين إن الاتصال كان ""مباشرا وبناء للغاية""، مع الإقرار بأن بينهما خلافات. وأكد مكتب نتنياهو إجراء المكالمة دون التطرق لمزيد من التفاصيل حتى الآن عما تمت مناقشته.                    ",https://www.france24.com/ar/%D9%81%D9%8A%D8%AF%D9%8A%D9%88/20241010-%D9%85%D8%A7%D8%B0%D8%A7-%D8%B1%D8%B4%D8%AD-%D8%B9%D9%86-%D8%A7%D9%84%D8%A7%D8%AA%D8%B5%D8%A7%D9%84-%D8%A7%D9%84%D9%87%D8%A7%D8%AA%D9%81%D9%8A-%D8%A8%D9%8A%D9%86-%D8%A8%D8%A7%D9%8A%D8%AF%D9%86-%D9%88%D9%86%D8%AA%D8%A7%D9%86%D9%8A%D8%A7%D9%87%D9%88,10/10/2024 - 09:56,"
                                    الأخبار المغاربية
                            "
9,France 24,غزة: غارة إسرائيلية على مدرسة تؤوي نازحين في دير البلح توقع عشرات القتلى,,"
                                                قال مسعفون إن 28 شخصا على الأقل، بينهم نساء وأطفال، قُتلوا في ضربة جوية إسرائيلية لمدرسة تؤوي نازحين في وسط غزة اليومالخميس، كما صدرت أوامر لثلاثة مستشفيات في شمال القطاع بالإخلاء مما يعرض حياة المرضى للخطر.                    ",https://www.france24.com/ar/%D9%81%D9%8A%D8%AF%D9%8A%D9%88/20241010-%D8%BA%D8%A7%D8%B1%D8%A9-%D8%A5%D8%B3%D8%B1%D8%A7%D8%A6%D9%8A%D9%84%D9%8A%D8%A9-%D8%AC%D9%88%D9%8A%D8%A9-%D8%B9%D9%84%D9%89-%D9%85%D8%AF%D8%B1%D8%B3%D8%A9-%D8%AA%D8%A4%D9%88%D9%8A-%D9%86%D8%A7%D8%B2%D8%AD%D9%8A%D9%86-%D9%81%D9%8A-%D8%AF%D9%8A%D8%B1-%D8%A7%D9%84%D8%A8%D9%84%D8%AD,10/10/2024 - 17:12,"
                                    الأخبار المغاربية
                            "
10,France 24,عائلات نازحة تفترش الأرض في العاصمة اللبنانية بيروت,,"
                                                يواجه لبنان أزمة إنسانية ""كارثية"" مع وصول عدد النازحين داخليا إلى 600 ألف شخص، وفق ما حذّر مسؤولون في الأمم المتحدة، فيما تواصل إسرائيل هجومها ضد حزب الله. وقالت المنسقة الخاصة للأمم المتحدة في لبنان جينين هينيس بلاسخارت في إحاطة صحافية ""يواجه لبنان صراعا وأزمة إنسانية ذات أبعاد كارثية"" معربة عن ""أملها في أن تكون إسرائيل الآن مستعدة لدعم الدعوات العديدة"" لوقف التصعيد.                    ",https://www.france24.com/ar/%D9%81%D9%8A%D8%AF%D9%8A%D9%88/20241010-%D8%B9%D8%A7%D8%A6%D9%84%D8%A7%D8%AA-%D9%86%D8%A7%D8%B2%D8%AD%D8%A9-%D8%AA%D9%81%D8%AA%D8%B1%D8%B4-%D8%A7%D9%84%D8%A3%D8%B1%D8%B6-%D9%81%D9%8A%D8%A7%D9%84%D8%B9%D8%A7%D8%B5%D9%85%D8%A9-%D8%A7%D9%84%D9%84%D8%A8%D9%86%D8%A7%D9%86%D9%8A%D8%A9,10/10/2024 - 09:49,"
                                    الأخبار المغاربية
                            "
11,France 24,تونس: الهيئة العليا المستقلة للانتخابات تعلن رسميا الجمعة عن النتائج النهائية للانتخابات الرئاسية,,"
                                                تونس: الهيئة العليا المستقلة للانتخابات تعلن رسميا الجمعة عن النتائج النهائية للانتخابات الرئاسية                     ",https://www.france24.com/ar/%D9%81%D9%8A%D8%AF%D9%8A%D9%88/20241010-%D8%A7%D9%84%D9%85%D9%86%D8%B5%D8%B1%D9%8A,10/10/2024 - 22:13,"

                                    الأخبار المغاربية
                            "
12,France 24,قتلى وجرحى في ضربة إسرائيلية استهدفت وسط العاصمة اللبنانية بيروت,"
غارة إسرائيلية استهدفت محيط منطقة رأس النبع - النويري في وسط بيروت
تقرير أممي يتهم إسرائيل ""بتنفيذ سياسة منسقة لتدمير النظام الصحي بغزة"" مرتكبة ""جرائم حرب وجريمة ضد الإنسانية""
قوات اليونيفيل تتهم الجيش الإسرائيلي بإطلاق النار على مواقع وتجهيزات تابعة لها في جنوب لبنان
مسعفون يعلنون مقتل 28 فلسطينيا في قصف إسرائيلي على مدرسة تؤوي نازحين في وسط قطاع غزة
إسرائيل تشن غارات على منطقة صناعية بريف حمص وموقع عسكري في حماة بسوريا
مجلس الأمن يحذر إسرائيل من إقرار تشريعات تكبح نشاط الأونروا











































فرانس24/أ ف ب/رويترز","
                                وقع عشرات القتلى والجرحى الخميس  في بيروت، وفق وزارة الصحة اللبنانية، جراء القصف الإسرائيلي الذي طال حيّين سكنيّين في قلب العاصمة. وفي وقت سابق، أفادت وكالة الإعلام اللبنانية عن غارة إسرائيلية استهدفت محيط منطقة رأس النبع - النويري في وسط بيروت، في ثالث ضربة تستهدف أحياء في قلب العاصمة اللبنانية منذ بدء الحرب بين الدولة العبرية وحزب الله في 23 أيلول/سبتمبر. يأتي ذلك فيما اتهمت قوة الأمم المتحدة المؤقتة (اليونيفيل) في لبنان الجيش الإسرائيلي بإطلاق النار على مواقع وتجهيزات تابعة لها في جنوب لبنان، ما أدّى إلى إصابة اثنين من جنودها بجروح.             ",https://www.france24.com/ar/%D8%A7%D9%84%D8%B4%D8%B1%D9%82-%D8%A7%D9%84%D8%A3%D9%88%D8%B3%D8%B7/20241009-%F0%9F%94%B4-%D9%85%D8%A8%D8%A7%D8%B4%D8%B1-%D8%A8%D8%A7%D9%8A%D8%AF%D9%86-%D9%8A%D8%AF%D8%B9%D9%88-%D9%84%D8%AD%D9%85%D8%A7%D9%8A%D8%A9-%D8%A7%D9%84%D9%85%D8%AF%D9%86%D9%8A%D9%8A%D9%86-%D9%81%D9%8A-%D9%84%D8%A8%D9%86%D8%A7%D9%86-%D9%88%D8%A5%D8%B3%D8%B1%D8%A7%D8%A6%D9%8A%D9%84-%D8%AA%D8%AA%D9%88%D8%B9%D8%AF-%D8%A5%D9%8A%D8%B1%D8%A7%D9%86-%D8%A8%D9%80-%D8%B1%D8%AF-%D9%82%D8%A7%D8%AA%D9%84,10/10/2024 - 00:28,"

                                    الشرق الأوسط
                            "
13,France 24,مصير قبر تيتو يشعل سجالا في صربيا حول الذاكرة الجماعية وإرث يوغوسلافيا,"
يشهد الشارع الصربي جدلا واسعا حول مصير قبر الزعيم اليوغوسلافي السابق جوزيف بروز تيتو، في ظل مساع من رئيس بلدية بلغراد لإزالته من العاصمة الصربية، في خطوة وصفها مراقبون بأنها تشبه إزالة ضريح لينين من الساحة الحمراء في موسكو.
ويسعى رئيس بلدية بلغراد، ألكسندر سابيتش، المنتمي للتيار القومي، إلى إعادة رفات تيتو -الذي قاد المقاومة ضد النازيين وحافظ على وحدة يوغوسلافيا لعقود- إلى مسقط رأسه في كرواتيا، رغم أن قبره في متحف يوغوسلافيا يستقطب نحو 120 ألف زائر سنويا.
ويصر سابيتش على ضرورة إزالة قبر تيتو إذا أرادت صربيا ""تجاوز الحقبة الشيوعية""، مقترحا تسليم الضريح إلى متحف مخصص للتاريخ الصربي. ويرى رئيس البلدية أن ""النظام الشيوعي لم يأت بأي شيء جيد للشعب الصربي""، مفضلا نصب تمثال لزعيم مثير للجدل من فصائل تشيتنيك التي قاتلت ضد تيتو خلال الحرب العالمية الثانية.
وأثارت هذه الدعوة جدلا واسعا حول فترة الاحتلال الألماني الدامية، حيث تصارعت مجموعتان معارضتان ضد النازيين، رغم أن العديد من فصائل تشيتنيك انتهى بها المطاف متعاونة مع قوات دول المحور.
وفي نهاية المطاف، انتصرت القوات الشيوعية بقيادة تيتو والمنضوية تحت لواء ""جيش التحرير الوطني"" على فصائل تشيتنيك الملكية والقومية. وأعدم زعيمها دراغوليوب ميهايلوفيتش عام 1946 بتهم ارتكاب جرائم حرب والتعاون مع النازيين.
غير أن الحكومة الصربية القومية أعادت لاحقا تأهيل فصائل تشيتنيك من خلال قانون صدر عام 2003 يساوي بين الحركتين. وفي عام 2015، ألغيت الإدانات بحق ميهايلوفيتش، حيث رفض القضاة المحاكمة الأصلية معتبرين إياها ""سياسية"".
وحتى الآن، لم يطرح رئيس البلدية سوى فكرة إزالة القبر، فيما تقدمت قرية كومروفيتش الكرواتية -مسقط رأس تيتو- بطلب لاستعادة رفاته إذا لم تعد بلغراد ترغب في الاحتفاظ به.
كما أبدت عدة بلدات ومدن في البوسنة والجبل الأسود رغبتها في استعادة رفات الزعيم اليوغوسلافي السابق، في مؤشر على الحنين الذي ما زال يحيط بتيتو في يوغوسلافيا السابقة التي انهارت بعد عقد من وفاته عام 1980.
ويبدي الرئيس الصربي ألكسندر فوتشيتش -مؤسس حزب سابيتش- حماسة أقل للتخلي عن رفات تيتو، معتبرا أن القبر جزء من إرث البلاد.
ويرى المؤرخ ميلوفان بيساري أن خطوة رئيس البلدية المثيرة للجدل تأتي ضمن معركة أيديولوجية طويلة بشأن إرث الحرب العالمية الثانية المتنازع عليه. وقال بيساري: ""إنها ببساطة استمرارية لما بدأ قبل حوالي 20 عاما، عندما دخلت هذه الأيديولوجيا القومية الجديدة المؤسسات، ونجحت في تحويل متعاون إلى شخص مناهض للفاشية"".
وقد طلب سابيتش بالفعل إذنا لنصب تمثال لزعيم فصائل تشيتنيك قرب إحدى ساحات بلغراد الرئيسية، كما يسعى إلى إزالة قبور أربعة من مناصري الشيوعية من أكبر حديقة في البلاد.
غير أن فويسلاف، حفيد ميهايلوفيتش ونائب عن حزب المعارضة المؤيد للملكية، وصف جهود سابيتش بأنها ""غير صادقة"" و""قائمة على التلاعب""، متهما الحزب الحاكم باستغلال جده لتحقيق مكاسب سياسية.
وقال فويسلاف ميهايلوفيتش، الذي ينظر -على غرار العديد من الصرب- إلى تيتو على أنه دكتاتور: ""بينما أؤيد بالكامل فكرة (نصب تمثال)، أشكك في نواياهم الحقيقية"".
وحتى يومنا هذا، لا تزال صورة جده توضع على القمصان والجدران في بلغراد. وقد ازدادت شعبية حركة تشيتنيك مع انهيار يوغوسلافيا في تسعينيات القرن الماضي، حيث تبنت بعض المجموعات الصربية شبه العسكرية ألقابا ورموزا مرتبطة بفصائل تشيتنيك، بما في ذلك اللحى الطويلة التي تميز أعضاءها.
ولا يقتصر التهديد على قبر تيتو فحسب، بل يمتد ليشمل رموزا أخرى ليوغوسلافيا السابقة في العاصمة الصربية. فمن المقرر أن تحل ناطحة سحاب فخمة جديدة على ضفاف نهر الدانوب، إلى جانب كازينو ومرسى، مكان ""فندق يوغوسلافيا"" الشهير الذي كان في الماضي رمزا وطنيا.
كما يخطط جاريد كوشنر، صهر الرئيس الأمريكي السابق دونالد ترامب، لتشييد فندق فخم آخر في موقع مقر الجيش اليوغوسلافي السابق الذي تضرر بشكل كبير جراء قصف حلف شمال الأطلسي (ناتو) لبلغراد عام 1999.
وفي إطار هذه الحرب الثقافية، أعلن رئيس البلدية عن رغبته في تغيير لون حافلات بلغراد الجديدة من الأحمر ""الاشتراكي"" إلى الأزرق الذي يرمز إلى سلالة نيمانيتش العائدة إلى العصور الوسطى.
ويرى بيساري أن هذه التغييرات تمثل محاولة لمحو كل آثار يوغوسلافيا وما مثلته. لكن المؤرخ يصر على أنه ""لا يمكن أن تمحى يوغوسلافيا من ذاكرة الناس"".","
                                        جدل واسع تشهده صربيا حول مصير قبر الزعيم اليوغوسلافي السابق جوزيف بروز تيتو، مع سعي رئيس بلدية بلغراد، ألكسندر سابيتش، لإزالة القبر وإعادة الرفات إلى كرواتيا. آثار الحرب العالمية الثانية وإرث الشيوعية تعود لتطفو على السطح في نقاشات حادة تندلع في العاصمة الصربية، في ظل تحولات ثقافية تسعى لمحو رموز يوغوسلافيا السابقة ولتستبدل بها تمجيد شخصيات مثيرة للجدل.                ",https://www.france24.com/ar/%D8%A3%D9%88%D8%B1%D9%88%D8%A8%D8%A7/20241009-%D9%85%D8%B5%D9%8A%D8%B1-%D9%82%D8%A8%D8%B1-%D8%AA%D9%8A%D8%AA%D9%88-%D9%8A%D8%B4%D8%B9%D9%84-%D8%B3%D8%AC%D8%A7%D9%84%D8%A7-%D9%81%D9%8A-%D8%B5%D8%B1%D8%A8%D9%8A%D8%A7-%D8%AD%D9%88%D9%84-%D8%A7%D9%84%D8%B0%D8%A7%D9%83%D8%B1%D8%A9-%D8%A7%D9%84%D8%AC%D9%85%D8%A7%D8%B9%D9%8A%D8%A9-%D9%88%D8%A5%D8%B1%D8%AB-%D9%8A%D9%88%D8%BA%D9%88%D8%B3%D9%84%D8%A7%D9%81%D9%8A%D8%A7,10/10/2024 - 00:30,"

                                    أوروبا
                            "
14,France 24,"نتانياهو يهدد لبنان بـ""دمار ومعاناة"".. هل سيتكرر سيناريو غزة ""الكارثي""؟",,"
                                                قالت المنسقة الخاصة للأمم المتحدة في لبنان جينين هينيس بلاسخارت في إحاطة صحافية ""يواجه لبنان صراعا وأزمة إنسانية ذات أبعاد كارثية"" معربة عن ""أملها في أن تكون إسرائيل الآن مستعدة لدعم الدعوات العديدة"" لوقف التصعيد. للحديث عن الوضع الإنساني ف يلبنان والوضع داخل المستشفيات و لاسيما في المناطق المتضررة من القصف الإسرائيلي نستضيف في ""ضيف اليوم"" منسقة البرامج في مكتب منظمة الصحة العالمية في لبنان أليسار راضي.                    ",https://www.france24.com/ar/%D8%A8%D8%B1%D8%A7%D9%85%D8%AC/%D8%B6%D9%8A%D9%81-%D8%A7%D9%84%D9%8A%D9%88%D9%85/20241010-%D9%86%D8%AA%D8%A7%D9%86%D9%8A%D8%A7%D9%87%D9%88-%D9%8A%D9%87%D8%AF%D8%AF-%D9%84%D8%A8%D9%86%D8%A7%D9%86-%D8%A8%D9%80-%D8%AF%D9%85%D8%A7%D8%B1-%D9%88%D9%85%D8%B9%D8%A7%D9%86%D8%A7%D8%A9-%D9%87%D9%84-%D8%B3%D9%8A%D8%AA%D9%83%D8%B1%D8%B1-%D8%B3%D9%8A%D9%86%D8%A7%D8%B1%D9%8A%D9%88-%D8%BA%D8%B2%D8%A9-%D8%A7%D9%84%D9%83%D8%A7%D8%B1%D8%AB%D9%8A,10/10/2024 - 15:45,"

                                    أفريقيا
                            "
15,France 24,زيلينسكي في جولة أوروبية بحثا عن دعم جديد,,"
                                                وصل الرئيس الأوكراني فولوديمير زيلينسكي الخميس إلى لندن في مستهل جولة أوروبية سريعة تشمل حلفاءه الرئيسيين، ومن ثم سيتوجه إلى فرنسا وإيطاليا وألمانيا، بحثا عن دعم إضافي قبل أقل من شهر على موعد الانتخابات الرئاسية الأميركية.                    ",https://www.france24.com/ar/%D9%81%D9%8A%D8%AF%D9%8A%D9%88/20241010-%D8%B2%D9%8A%D9%84%D9%8A%D9%86%D8%B3%D9%83%D9%8A-%D9%81%D9%8A-%D8%AC%D9%88%D9%84%D8%A9-%D8%A3%D9%88%D8%B1%D9%88%D8%A8%D9%8A%D8%A9-%D8%AC%D8%AF%D9%8A%D8%AF%D8%A9,10/10/2024 - 12:41,"
                                    الأخبار المغاربية
                            "
16,France 24,فضيحة النفايات السامة في كوت ديفوار: أكثر من 100 ألف ضحية تطالب بالعدالة,,"
                                                ضربت مأساة بيئية ساحل العاج ""كوت ديفوار"" عام 2006 وذلك عندما تم رمي أطنان من النفايات السامة الناتجة عن تكرير المنتجات البترولية في مناطق سكانية وبموافقة السلطات. كارثة تسببت في تسمم ما لا يقل عن 100 ألف ضحية، الكثير منهم لا يزال يناضل من أجل العدالة بعد مرور ثمانية عشر عاماً على الحادث.                    ",https://www.france24.com/ar/%D8%A8%D8%B1%D8%A7%D9%85%D8%AC/%D9%81%D9%8A-%D8%B9%D9%85%D9%82-%D8%A7%D9%84%D8%AD%D8%AF%D8%AB/20241010-%D9%81%D8%B6%D9%8A%D8%AD%D8%A9-%D8%A7%D9%84%D9%86%D9%81%D8%A7%D9%8A%D8%A7%D8%AA-%D8%A7%D9%84%D8%B3%D8%A7%D9%85%D8%A9-%D9%81%D9%8A-%D9%83%D9%88%D8%AA-%D8%AF%D9%8A%D9%81%D9%88%D8%A7%D8%B1-%D8%A3%D9%83%D8%AB%D8%B1-%D9%85%D9%86-100-%D8%A3%D9%84%D9%81-%D8%B6%D8%AD%D9%8A%D8%A9-%D8%AA%D8%B7%D8%A7%D9%84%D8%A8-%D8%A8%D8%A7%D9%84%D8%B9%D8%AF%D8%A7%D9%84%D8%A9,10/10/2024 - 16:10,"

                                    أفريقيا
                            "
17,France 24,"رئيس مجلس الأمة الجزائري صالح قوجيل يندد بـ""استغلال بعض الدوائر الفرنسية لمسألة الهجرة""",,"
                                                رئيس مجلس الأمة الجزائري يحمّل على دوائر سياسية فرنسية في ملف الهجرة                    ",https://www.france24.com/ar/%D9%81%D9%8A%D8%AF%D9%8A%D9%88/20241010-%D9%81%D9%8A%D8%B5%D9%84-%D9%85%D8%B7%D8%A7%D9%88%D9%8A,10/10/2024 - 22:14,"

                                    الأخبار المغاربية
                            "
18,France 24,حميدتي يتهم مصر بشن ضربات جوية على قوات الدعم السريع والقاهرة تنفي,"
اتهم قائد قوات الدعم السريع في السودان، الفريق أول محمد حمدان دقلو (حميدتي)، مصر بشن ضربات جوية على قواته في مقطع فيديو مسجل نشر الأربعاء.
وأشار حميدتي إلى أن القاهرة تقوم بتدريب الجيش السوداني وإمداده بطائرات مسيرة في الحرب المستمرة منذ قرابة 18 شهرا بين قوات الدعم السريع والجيش السوداني.
وفي رد سريع، أصدرت وزارة الخارجية المصرية بيانا نفت فيه مزاعم حميدتي بشأن مشاركة الطيران المصري في الصراع الدائر بالسودان. ودعت مصر المجتمع الدولي للتحقق من صحة ادعاءات قائد قوات الدعم السريع.
وعلى الرغم من أن مصر تعتبر مقربة من الجيش السوداني ورئيسه عبد الفتاح البرهان، فإنها انضمت إلى جهود الولايات المتحدة والسعودية للتوسط في النزاع، واستضافت محادثات بين الفصائل السياسية المتنازعة في وقت سابق من العام الجاري.
وفي تصريحاته، ادعى حميدتي أن مصر استخدمت قنابل أمريكية في ضرباتها، مشيرا إلى أن ""لولا موافقة الأمريكيين لما كانت قنابلهم قد وصلت إلى السودان"".
كما أشار إلى وجود مرتزقة من تيغراي وإريتريا وأذربيجان وأوكرانيا، مكررا اتهامات بمشاركة إيرانيين في الحرب إلى جانب الجيش.
وأحرز الجيش السوداني مؤخرا تقدما في العاصمة الخرطوم وولاية سنار الجنوبية الشرقية. وقال حميدتي إن الغارات الجوية المصرية المزعومة أجبرت قواته على التراجع من منطقة جبل موية الاستراتيجية.
وفي تغير ملحوظ عن تصريحاته السابقة الداعمة لجهود السلام، قال قائد قوات الدعم السريع: ""الحرب دي مو معروف هتنتهي الليلة ولا سنة ولا سنتين ولا تلاتة ولا أربعة. في ناس بتتكلم عن مليون جندي. بقدرة الله الدور ده هنوصل لمليون جندي"".
يذكر أن الحرب التي اندلعت في نيسان/أبريل 2023 أدت إلى نزوح ما يقارب 10 ملايين شخص، وتفشي الجوع وانتشار المجاعة على نطاق واسع. كما شهدت موجات من العنف العرقي الذي تلقى مسؤوليته بشكل كبير على قوات الدعم السريع.","
                                        في مقطع فيديو نشر الأربعاء، اتهم قائد قوات الدعم السريع السودانية الفريق أول محمد حمدان دقلو (حميدتي)، مصر بشن ضربات جوية على قواته وتزويد الجيش السوداني بطائرات مسيرة. من جهتها، سارعت مصر إلى نفي هذه الاتهامات.                ",https://www.france24.com/ar/%D8%A3%D9%81%D8%B1%D9%8A%D9%82%D9%8A%D8%A7/20241009-%D8%AD%D9%85%D9%8A%D8%AF%D8%AA%D9%8A-%D9%8A%D8%AA%D9%87%D9%85-%D9%85%D8%B5%D8%B1-%D8%A8%D8%B4%D9%86-%D8%B6%D8%B1%D8%A8%D8%A7%D8%AA-%D8%AC%D9%88%D9%8A%D8%A9-%D8%B9%D9%84%D9%89-%D9%82%D9%88%D8%A7%D8%AA-%D8%A7%D9%84%D8%AF%D8%B9%D9%85-%D8%A7%D9%84%D8%B3%D8%B1%D9%8A%D8%B9-%D9%88%D8%A7%D9%84%D9%82%D8%A7%D9%87%D8%B1%D8%A9-%D8%AA%D9%86%D9%81%D9%8A,10/10/2024 - 01:33,"

                                    أفريقيا
                            "
19,France 24,خروج 5 مستشفيات عن الخدمة في لبنان,,"
                                                يشيرصلاح زين الدين، أخصائي في الأمراض الصدرية والعناية الفائقة في الجامعة الأمريكية في بيروت في مداخلة مع فرانس24 إلى أن  5 مستشفيات في لبنان أصبحت خارج الخدمة. ويضيف مسؤول من منظمة الصحة العالمية أن 4 مستشفيات أخرى تعمل دون الكفاءة نتيجة للأعمال القتالية.                     ",https://www.france24.com/ar/%D9%81%D9%8A%D8%AF%D9%8A%D9%88/20241010-%D8%AE%D8%B1%D9%88%D8%AC-5-%D9%85%D8%B3%D8%AA%D8%B4%D9%81%D9%8A%D8%A7%D8%AA-%D8%B9%D9%86-%D8%A7%D9%84%D8%AE%D8%AF%D9%85%D8%A9-%D9%81%D9%8A-%D9%84%D8%A8%D9%86%D8%A7%D9%86,10/10/2024 - 17:14,"
                                    الأخبار المغاربية
                            "
20,France 24,قرية أوروبيتشا في بوليفيا.. قلب صناعة الكمان والآلات الوترية,,"
                                                مع بيوتها المصنوعة من الطين أو الخشب وشوارعها الترابية، تبدو أوروبيتشا كأي قرية تقطنها مجموعات من السكان الأصليين. لكنّ هذه القرية التي يقطنها بغالبيتها أفراد من مجموعة غوارايوس باتت بفضل صانعي الآلات الوترية أهم منطقة لتصنيع الكمان في بوليفيا.                    ",https://www.france24.com/ar/%D8%A8%D8%B1%D8%A7%D9%85%D8%AC/%D8%B1%D9%8A%D8%A8%D9%88%D8%B1%D8%AA%D8%A7%D8%AC/20241010-%D9%82%D8%B1%D9%8A%D8%A9-%D8%A3%D9%88%D8%B1%D9%88%D8%A8%D9%8A%D8%AA%D8%B4%D8%A7-%D9%81%D9%8A-%D8%A8%D9%88%D9%84%D9%8A%D9%81%D9%8A%D8%A7-%D9%82%D9%84%D8%A8-%D8%B5%D9%86%D8%A7%D8%B9%D8%A9-%D8%A7%D9%84%D9%83%D9%85%D8%A7%D9%86-%D9%88%D8%A7%D9%84%D8%A2%D9%84%D8%A7%D8%AA-%D8%A7%D9%84%D9%88%D8%AA%D8%B1%D9%8A%D8%A9,10/10/2024 - 14:56,"

                                    أفريقيا
                            "
21,France 24,جوع قاتل ومجتمع دولي غافل.. الأزمة الإنسانية في السودان تهدد حياة الملايين,"
اتسعت رقعة المجاعة في السودان بعد مرور أكثر من 15 شهرا عن الحرب الدائرة بين الجيش بقيادة عبد الفتاح البرهان وقوات الدعم السريع التي يتزعمها محمد حمدان دقلو الملقب ""حميدتي"". ودقت منظمة الصحة العالمية من جديد ناقوس الخطر محذرة من أنه ""في حال غياب تدخل دولي كثيف لتقديم المساعدات الغذائية، فهناك إمكانية أن يموت عدد كبير من المدنيين"" في الأشهر القليلة المقبلة.
من جهتها، عبرت منظمات إنسانية غير حكومة أخرى، على غرار ""أطباء بلا حدود"" و""التضامن الدولي""، عن مخاوفها من وفاة عدد لا يحصى من المدنيين بسبب المجاعة الحادة التي تهدد الكثيرين وفي مقدمتهم الأطفال والنساء.
ففي دارفور مثلا، استمرار القتال وارتفاع حدته جعل 500 ألف شخص يفرون إلى مناطق خالية هربا من الموت، ما أدى إلى تذبذب خطوط الإمدادات الغذائية وإتلاف المحاصيل الزراعية، وفق جوستين موزيك بيكمال، المديرة الجهوية لمنظمة ""التضامن الدولي"".
وقالت بيكمال لإذاعة فرنسا الدولية أمس الأربعاء ""هناك في السودان عائلات تأكل قشور الأشجار لأنها لا تملك أية مادة غذائية. (...) ونحن ندرك أنه في حال لم نحسن الوضع الغذائي في هذا البلد، سيموت عدد كبير من الأطفال جوعا"".
وما زاد الطين بلة، الفيضانات التي ضربت منطقة شمال شرق البلاد في نهاية شهر أغسطس/آب حيث وسعت فجوة المجاعة بسبب إتلاف المحاصيل الزراعية التي غمرتها المياه.
وهذه المجاعة الثالثة التي تمس السودان في القرن الواحد والعشرين، وفق الأمم المتحدة. لكن رغم كل الإنذارات، لم ترق نسبة المساعدات إلى المستوى المطلوب وفق ستيفان دويان، مسؤول العمليات لدى ""أطباء بلا حدود"".
كما قال دوريان في تصريح لإذاعة فرنسا الدولية لأربعاء ""تحدثت مع مسؤول من البرنامج الغذائي العالمي وقال لي بأن هذه المنظمة قدمت مساعدات غذائية لـ1.7 مليون سوداني وتريد أن تصل إلى مليوني شخص. لكن كل هذا غير كاف ولا نستطيع أن نقضي على المجاعة بهذه الأرقام، كما أنه يجب رفع المساعدات أربعة أضعاف"".
من ناحيتها، وصفت منظمة ""اليونيسيف"" الوضع الإنساني في السودان بأنه ""كارثة لم نشهدها من قبل""، مشيرة إلى أن ""الوضع الإنساني في شمال دارفور وفي العاصمة الخرطوم والمناطق الحدودية كارثي ومبعث قلق كبير"".
المدارس مقفلة والمستشفيات خارج الخدمة، فيما تم تدمير النظام الذي يسمح بالحصول على مياه صالحة للشرب.
ووفق المعطيات التي نشرتها ""اليونيسف""، فهناك حوالي 13 مليون طفل بحاجة إلى مساعدات غذائية، من بينهم ما يقارب 3.5 مليون قد يتعرضون إلى خطر المجاعة الحادة التي قد تقتلهم.
أما ""برنامج الأغذية العالمي""، وهي منظمة إنسانية ممولة من الأمم المتحدة، فلقد أحصى وجود حوالي 10 ملايين نازح ولاجئ سوداني فروا من البلاد سواء إلى مناطق داخلية أو إلى مدن مجاورة مثل تشاد الذي استقبل بمفرده أكثر من مليون لاجئ.
كما أضاف أن ما يقارب من 25.6 مليون شخص يواجهون الجوع الحاد، وفقا للتصنيف المرحلي المتكامل للأمن الغذائي.
وجدد المدير العام لمنظمة الصحة العالمية تيدروس غيبريسوس نداءه من أجل عدم خذلان الشعب السوداني. وقال نهاية شهر سبتمبر/أيلول عقب عودته من زيارة ميدانية إلى مدينة بورت سودان: ""يبدو أن المجتمع الدولي قد نسي السودان، ولم يعد يولي اهتماما كبيرا بالصراع الذي يمزقه وعواقبه على المنطقة""، محذر من ""هول نطاق الأزمة والعمل غير الكافي لمواجهة الصراع والاستجابة للمعاناة التي يتسبب فيها"".
ودعا إلى ""الاستيقاظ ومساعدة السودان على الخروج من الكابوس الذي يمر به"" وتنفيذ بعض المطالب ""أولها الوقف الفوري لإطلاق النار الذي يؤدي إلى حل سياسي دائم، وإلى حماية المنشآت الصحية والعاملين في المجال الطبي والمرضى، والوصول المستدام للإمدادات"".
تجدر الإشارة إلى أن الحرب التي اندلعت في نيسان/أبريل 2023 بين القوات المسلحة السودانية وقوات الدعم السريع أدت إلى مقتل أكثر من 20 ألف شخص وتشريد أكثر من 10 ملايين وفق ""برنامج الأغذية العالمي"".
طاهر هاني/ وكالات","
                                        في ظل الحرب المدمرة التي تشهدها السودان منذ أكثر من 15 شهرا، تتسارع أبعاد الكارثة الإنسانية بشكل مرعب، إذ يشهد هذا البلد موجة جوع لم يسبق لها مثيل. ودمر النزاع الدموي بين الجيش السوداني بقيادة عبد الفتاح البرهان وقوات الدعم السريع بزعامة محمد حمدان دقلو ""حميدتي"" البنى التحتية وأسقط العديد من الضحايا المدنيين، بينما ترك الملايين في مواجهة التشريد والموت بسبب نقص الغذاء والرعاية الطبية. ويبقى السودان في حالة من الغموض السياسي فيما تزداد المعاناة وسط غياب وتجاهل المجتمع الدولي.                ",https://www.france24.com/ar/%D8%A3%D9%81%D8%B1%D9%8A%D9%82%D9%8A%D8%A7/20241010-%D8%AC%D9%88%D8%B9-%D9%82%D8%A7%D8%AA%D9%84-%D9%85%D8%AC%D8%A7%D8%B9%D8%A9-%D8%A7%D9%84%D8%A3%D8%B2%D9%85%D8%A9-%D8%A7%D9%84%D8%A5%D9%86%D8%B3%D8%A7%D9%86%D9%8A%D8%A9-%D8%A7%D9%84%D8%B3%D9%88%D8%AF%D8%A7%D9%86-%D8%AA%D9%87%D8%AF%D9%8A%D8%AF-%D8%AD%D9%8A%D8%A7%D8%A9-%D8%A7%D9%84%D9%85%D9%84%D8%A7%D9%8A%D9%8A%D9%86-%D9%86%D8%B2%D8%A7%D8%B9-%D8%A7%D9%84%D8%AC%D9%8A%D8%B4-%D8%AD%D9%85%D9%8A%D8%AF%D8%AA%D9%8A,10/10/2024 - 14:37,"

                                    أفريقيا
                            "
22,France 24,كيف سهّل دخول حزب الله حرب سوريا اختراقه من قبل الموساد الإسرائيلي واغتيال أهم قادته؟,"

تطرق تحقيق نشرته صحيفة فاينانشال تايمز في 29 سبتمبر بالتفاصيل إلى تسبب مشاركة حزب الله الواسعة في الحرب الأهلية السورية ""نصرة"" لنظام الرئيس بشار الأسد في تسهيل عملية اختراقه من قبل مختلف أجهزة الاستخبارات الإسرائيلية.
ومنذ تفجير أجهزة ""البيجر"" و""التولكي ولكي"" التي يستخدمها مقاتلو الحزب في 17 و18 سبتمبر/ أيلول، تمكن الجيش الإسرائيلي في غضون أسبوعين فقط من اغتيال كامل الصف الأول لقيادات الحزب السياسية والعسكرية وعلى رأسهم زعيمه حسن نصر الله.



هذه الاغتيالات والغارات الجوية -التي تقول تل أبيب إنها نجحت من خلالها في تدمير نصف الترسانة العسكرية لحزب الله- أسالت الكثير من الحبر بشأن الطريقة التي تمكن بها جهاز الموساد من اختراق الجماعة المدعومة من إيران.
وفق الصحيفة البريطانية، وفّر توسع أنشطة حزب الله إلى سوريا ""فرصة ذهبية ومنجم معلومات"" لجهاز الموساد الإسرائيلي للحصول على ""جدول استخباراتي"" يفصل طريقة تنظيم وعمل الحزب من الداخل.
وتولت الوحدة 8200 في المخابرات العسكرية الإسرائيلية بعد حرب تموز 2006 تجميع كمية ضخمة من المعلومات عن طريقة عمل الحزب وانتشار مقاتليه وقياداته. ومن بين البيانات التي نجحت في الحصول عليها على سبيل المثال هي ""قائمة شهداء الحزب في سوريا"".


ونقلت الصحيفة عن الكولونيل مير إيزين، المسؤول السابق في المخابرات الإسرائيلية، قوله إن ""المخابرات الإسرائيلية وسعت عملية مراقبة كافة أنشطة حزب الله وراقبت طموحاته السياسية وعلاقته بالحرس الثوري الإيراني والعلاقة التي تربط نصر الله بالأسد"".
ويضيف الكولونيل الإسرائيلي: ""المخابرات الإسرائيلية كانت تنظر إلى حزب الله على أنه ""جيش إرهابي أكثر منه منظمة إرهابية، وهذه النظرة جعلت إسرائيل توسع مراقبتها للحزب"".
وكشف مسؤولون إسرائيليون أن الدولة العبرية غيرت كليا طريقة جمع المعلومات عن حزب الله بعد الفشل الذريع في حرب تموز 2006.
والشبّاك الذي دخلت منه إسرائيل إلى ""البيت الداخلي"" لحزب الله فُتح في سنة 2012 عندما هبّ مقاتلون وقيادات عسكرية في حزب الله لنجدة نظام بشار الأسد مع اشتداد الحرب الأهلية في سوريا حيث اضطرت قيادات عسكرية رفيعة فيه إلى الخروج من الظل.
وتقول رندا سليم مديرة البرامج في معهد الشرق الأوسط ومقره واشنطن إن حرب سوريا كانت بمثابة بداية ""توسع"" لحزب الله وتضيف ""هذا التوسع أضعف آليات المراقبة داخل الحزب وفتح الباب على مصراعيه لاختراقه"".
من جهته، يقول يزيد صايغ من معهد كارنيغي للشرق الأوسط ""تحول الحزب من جماعة شديدة الحذر تضم أكثر العناصر ولاء وطهورية إلى مجموعة كبيرة تضم أفرادا أكثر مما ينبغي''.


وتوجه الآلاف من مقاتلي الحزب والعشرات من قياداته العسكرية لسوريا طيلة سنوات وساعدوا الأسد على البقاء في الحكم. وقُتل أكثر من 1000 مقاتل في الحزب في هذه الحرب بين 2012 و2017، وفق مقال استقصائي لمجلة نيوزويك الأمريكية.
بالإضافة إلى تكبده خسائر بشرية ثقيلة، تمكنت إسرائيل من مراقبة حزب الله بعيدا عن قواعده في لبنان ونجحت مخابراتها في معرفة مهام ومسؤوليات معظم قيادات الحزب الشيعي.
وتؤكد الصحيفة أن الحزب تبادل المعلومات مع المخابرات السورية والروسية التي كانت الولايات المتحدة تتابعها عن قرب وتعرف تحركاتها.
ويقول مسؤول لبناني للصحيفة ""اختراق المخابرات الإسرائيلية والأمريكية لصفوفه كان الثمن الذي دفعه حزب الله لمشاركته في النزاع السوري، لقد اضطر الحزب إلى كشف أوراقه هناك"".
لتنفيذ مهمة الاختراق، أكدت الصحيفة أن الترسانة التكنولوجية المتطورة التي تملكها إسرائيل ساهمت في الحصول على قاعدة بيانات ضخمة لا تقدر بثمن.
وذكرت الصحيفة أن إسرائيل استخدمت أقمارا اصطناعية تجسسية وطائرات مسيرة متطورة وبرمجيات التجسس السيبراني لاختراق الهواتف النقالة.
وتشير الصحيفة إلى الوحدة 9900 في المخابرات الإسرائيلية -التي تتمثل مهمتها في جمع المعلومات المخابراتية البصرية - استخدمت خوارزميات معقدة لتحديد أية عملية نقل لشحنة متفجرة على جانب طريق ما، أو حفر فتحة تهوية فوق نفق أو وضع الإسمنت المقوى فوق مخبأ تحت الأرض"".
وتشير مصادر إسرائيلية للصحيفة بأنه ""بعد التعرف على مقاتل أو قيادي في حزب الله، يتم وضع كل المعلومات عن تحركاته اليومية في قاعدة بيانات ضخمة. ويمكن الحصول على هذه المعلومات من أجهزة إلكترونية مثل هاتف زوجته وعداد الكيلومترات في سيارته المتطورة ومكان وجودها. ويمكن الحصول على هذه المعلومات بطرق مختلفة مثل طائرة مسيرة تحلق فوق رأسه، أو كاميرات المراقبة في مختلف المحلات التجارية وشوارع لبنان التي تم اختراقها، أو حتى عبر جهاز تحكم في تلفزيون ذكي''.


وشملت عملية المراقبة أيضا المنشورات الدعائية للحزب على وسائل التواصل الاجتماعي على تتبع المدن التي ينحدر منها كل عنصر وقائمة أصدقائه والأماكن التي قُتل فيها المنتمون للحزب ما مكن محللي الاستخبارات الإسرائيلية من جمع مؤشرات مفتاحية عن خريطة انتشار مقاتليه.
وتشير الصحيفة إلى أن أي تغيير في تحركات أفراد الحزب كان بمثابة إنذار للمخابرات الإسرائيلية.
كل هذه البيانات قادت في النهاية إلى مراقبة لصيقة لتحركات حسن نصر الله. وكشفت الصحيفة أنه توفرت فرصة سانحة لإسرائيل لاغتيال نصر الله منذ بداية الحرب و""أقلعت المقاتلات الإسرائيلية لتنفيذ المهمة لكنها عادت إلى قواعدها بعد أن طلب الرئيس الأمريكي جو بايدن من رئيس الوزراء الإسرائيلي بنيامين نتانياهو التريث"".
وفي 27 سبتمبر/ أيلول، تمكن الموساد من تحديد موقع نصر الله حيث كان من المقرر أن يعقد اجتماعا مع قيادي بارز في الحرس الثوري الإيراني (عباس نيلفروشان الذي قتل معه) في مخبأ تحت بناية في ضاحية بيروت الجنوبية وألقت مقاتلاتها أكثر من 80 قنبلة للتأكد من عدم وجود أي أمل لنجاته. وكان نتانياهو يعلم قبل خطابه أمام الجمعية العامة للأمم المتحدة أن مقاتلاته في طريقها لاغتيال نصر الله.
ويخلص مسؤول عسكري سابق للصحيفة إلى أن ""إسرائيل تملك كما هائلا من المعلومات الاستخباراتية تنتظر القرار لتوظيفها، كان بإمكاننا استخدام هذه المعلومات قبل وقت طويل من هذه الحرب، لكننا لم نفعل"".
","
                                        يتفق معظم الخبراء الاستراتيجيين والعسكريين في لبنان على أن حزب الله دفع ثمنا باهظا لمشاركته في الحرب الأهلية في سوريا منذ 2012 التي سهلت عملية اختراقه من قبل أجهزة الاستخبارات الإسرائيلية. هذه التخمينات أكدتها صحيفة فاينانشال تايمز البريطانية التي كشفت سبل نجاح الموساد الإسرائيلي في جمع كم هائل من المعلومات عن مقاتلي وقيادات الحزب خلال هذه الحرب أدت في الأخير إلى تصفية أهم قياداته أولهم زعيمه حسن نصر الله.                ",https://www.france24.com/ar/%D8%A7%D9%84%D8%B4%D8%B1%D9%82-%D8%A7%D9%84%D8%A3%D9%88%D8%B3%D8%B7/20241010-%D8%AD%D8%B2%D8%A8-%D8%A7%D9%84%D9%84%D9%87-%D8%AD%D8%B1%D8%A8-%D8%B3%D9%88%D8%B1%D9%8A%D8%A7-%D8%A7%D8%AE%D8%AA%D8%B1%D8%A7%D9%82-%D8%A7%D9%84%D9%85%D9%88%D8%B3%D8%A7%D8%AF-%D8%A5%D8%B3%D8%B1%D8%A7%D8%A6%D9%8A%D9%84-%D8%A7%D8%BA%D8%AA%D9%8A%D8%A7%D9%84-%D9%86%D8%B5%D8%B1-%D8%A7%D9%84%D9%84%D9%87,10/10/2024 - 16:22,"

                                    الشرق الأوسط
                            "
23,France 24,"صحيفة لوريان لوجور: ""عندما يدعو نتانياهو اللبنانيين إلى الاقتتال""",,"
                                                الصحف العربية والعالمية ركزت على خطاب رئيس الوزراء الإسرائيلي بنيامين نتانياهو، صحف وصفت خطابه بالمعادي والذي لا يستند إلى أي أسس، بينما كما ركزت صحف أخرى على الاتصال الهاتفي الذي أجراه الرئيس الأمريكي جو بايدن ببينامين نتانياهو.                    ",https://www.france24.com/ar/%D8%A8%D8%B1%D8%A7%D9%85%D8%AC/%D9%82%D8%B1%D8%A7%D8%A1%D8%A9-%D9%81%D9%8A-%D8%A7%D9%84%D8%B5%D8%AD%D8%A7%D9%81%D8%A9-%D8%A7%D9%84%D8%B9%D8%A7%D9%84%D9%85%D9%8A%D8%A9/20241010-%D8%B5%D8%AD%D9%8A%D9%81%D8%A9-%D9%84%D9%88%D8%B1%D9%8A%D8%A7%D9%86-%D9%84%D9%88%D8%AC%D9%88%D8%B1-%D8%B9%D9%86%D8%AF%D9%85%D8%A7-%D9%8A%D8%AF%D8%B9%D9%88-%D9%86%D8%AA%D8%A7%D9%86%D9%8A%D8%A7%D9%87%D9%88-%D8%A7%D9%84%D9%84%D8%A8%D9%86%D8%A7%D9%86%D9%8A%D9%8A%D9%86-%D8%A5%D9%84%D9%89-%D8%A7%D9%84%D8%A7%D9%82%D8%AA%D8%AA%D8%A7%D9%84,10/10/2024 - 10:27,"

                                    أفريقيا
                            "
24,France 24,وزارة الخارجية الأمريكية: ينبغي ألا يحصل في لبنان كما حصل في غزة,,"
                                                قالت وزارة الخارجية الأميركية الأربعاء إن على إسرائيل تجنب أي هجوم في لبنان شبيه بالذي تشنه في قطاع غزة بعدما هدد رئيس الوزراء الإسرائيلي بنيامين نتانياهو لبنان بدمار شبيه بذلك اللاحق بغزة.                    ",https://www.france24.com/ar/%D9%81%D9%8A%D8%AF%D9%8A%D9%88/20241010-%D8%A7%D9%84%D8%AE%D8%A7%D8%B1%D8%AC%D9%8A%D8%A9-%D8%A7%D9%84%D8%A3%D9%85%D8%B1%D9%8A%D9%83%D9%8A%D8%A9-%D9%8A%D9%86%D8%A8%D8%BA%D9%8A-%D8%A3%D9%84%D8%A7-%D9%8A%D8%AA%D8%AD%D9%88%D9%84-%D9%84%D8%A8%D9%86%D8%A7%D9%86-%D9%84%D8%BA%D8%B2%D8%A9-%D8%A3%D8%AE%D8%B1%D9%89,10/10/2024 - 09:50,"
                                    الأخبار المغاربية
                            "
25,France 24,النظام الصحي الفرنسي: هل تنجو أقسام التوليد من المخاض العسير؟,,"
                                                هذا العدد من برنامج ""هنا فرنسا""، يسلط فريق فرانس 24 الضوء على النظام الصحي الفرنسي وخاصة ما يتعلق بإغلاق مستشفيات التوليد في مناطق عدة بالبلاد وتبعات هذه المشكلة على الحوامل. تفاصيل أكثر في تقرير بولين غودار وكلير باكالان، أعدته للعربية عهد الكلاس.                     ",https://www.france24.com/ar/%D8%A8%D8%B1%D8%A7%D9%85%D8%AC/%D9%87%D9%86%D8%A7-%D9%81%D8%B1%D9%86%D8%B3%D8%A7/20241010-%D8%A7%D9%84%D9%86%D8%B8%D8%A7%D9%85-%D8%A7%D9%84%D8%B5%D8%AD%D9%8A-%D8%A7%D9%84%D9%81%D8%B1%D9%86%D8%B3%D9%8A-%D9%87%D9%84-%D8%AA%D9%86%D8%AC%D9%88-%D8%A3%D9%82%D8%B3%D8%A7%D9%85-%D8%A7%D9%84%D8%AA%D9%88%D9%84%D9%8A%D8%AF-%D9%85%D9%86-%D8%A7%D9%84%D9%85%D8%AE%D8%A7%D8%B6-%D8%A7%D9%84%D8%B9%D8%B3%D9%8A%D8%B1,10/10/2024 - 17:36,"

                                    فرنسا
                            "
26,France 24,إغراق قطعة من طائرة بوينغ 777 في المحيط الهندي لفك لغز الطائرة الماليزية المفقودة,,"
                                                في فقرة تكنو اليوم، نتحدث عن مشروع مبتكر لفك لغز طائرة بوينغ التابعة للخطوط الجوية الماليزية MH370 المفقودة بعد إقلاعها من كوالالمبور في الثامن من مارس 2014. المشروع يعتزم إغراق قطعة من طائرة بوينغ 777 في المحيط الهندي، لمراقبة تحركاتها بفضل أجهزة استشعار بهدف فهم الاتجاهات التي قد تكون الطائرة المفقودة قد انجرفت نحوها وسط المحيط.                    ",https://www.france24.com/ar/%D8%A8%D8%B1%D8%A7%D9%85%D8%AC/%D8%AA%D9%83%D9%86%D9%88/20241010-%D8%A5%D8%BA%D8%B1%D8%A7%D9%82-%D9%82%D8%B7%D8%B9%D8%A9-%D9%85%D9%86-%D8%B7%D8%A7%D8%A6%D8%B1%D8%A9-%D8%A8%D9%88%D9%8A%D9%86%D8%BA-777-%D9%81%D9%8A-%D8%A7%D9%84%D9%85%D8%AD%D9%8A%D8%B7-%D8%A7%D9%84%D9%87%D9%86%D8%AF%D9%8A-%D9%84%D9%81%D9%83-%D9%84%D8%BA%D8%B2-%D8%A7%D9%84%D8%B7%D8%A7%D8%A6%D8%B1%D8%A9-%D8%A7%D9%84%D9%85%D8%A7%D9%84%D9%8A%D8%B2%D9%8A%D8%A9-%D8%A7%D9%84%D9%85%D9%81%D9%82%D9%88%D8%AF%D8%A9,10/10/2024 - 14:08,"

                                    أفريقيا
                            "
27,France 24,قصف مدفعي إسرائيلي على مستشفى كمال عدوان في غزة,,"
                                                أجلت الطواقم الطبية في مستشفى كمال عدوان في مخيم جباليا الأطفال والخدج وسط قصف مدفعي إسرائيلي على الموقع. وقد أدى ذلك إلى مقتل وإصابة العشرات من الغزيين.                     ",https://www.france24.com/ar/%D9%81%D9%8A%D8%AF%D9%8A%D9%88/20241010-%D9%82%D8%B5%D9%81-%D8%B9%D9%84%D9%89-%D9%85%D8%B3%D8%AA%D8%B4%D9%81%D9%89-%D9%83%D9%85%D8%A7%D9%84-%D8%B9%D8%AF%D9%88%D8%A7%D9%86-%D9%81%D9%8A-%D8%BA%D8%B2%D8%A9,10/10/2024 - 10:19,"
                                    الأخبار المغاربية
                            "
28,France 24,"تقرير أممي يتهم إسرائيل ""بتنفيذ سياسة منسقة لتدمير النظام الصحي بغزة"" مرتكبة ""جرائم ضد الإنسانية""","
تضمن تحقيق للجنة تابعة  للأمم المتحدة الخميس أن إسرائيل استهدفت المرافق الصحية في غزة عمدا معتبرة أنها ارتكبت ""جرائم ضد الإنسانية"".
وتضمن بيان للجنة التحقيق الدولية التابعة للأمم المتحدة المعنية بالأراضي الفلسطينية المحتلة وإسرائيل أن الدولة العبرية ""نفّذت سياسة منسقة لتدمير نظام الرعاية الصحية في غزة كجزء من هجوم أوسع على غزة"".
وتابعت أن إسرائيل ارتكبت ""جرائم حرب وجريمة ضد الإنسانية تتمثل في الإبادة من خلال الهجمات المستمرة والمتعمدة على العاملين الطبيين والمرافق الطبية"".
ونشرت اللجنة المكونة من ثلاثة أعضاء والتي أنشأها مجلس حقوق الإنسان التابع للأمم المتحدة في أيار/مايو 2021 للتحقيق في انتهاكات القانون الدولي المحتملة في إسرائيل والأراضي الفلسطينية المحتلة، تقريرها الثاني منذ هجوم حماس في 7 تشرين الأول/أكتوبر قبل عام والذي أشعل فتيل الحرب المستمرة.
ويتطرق التقرير أيضا لإساءة معاملة المعتقلين الفلسطينيين في إسرائيل والرهائن في غزة، متهما إسرائيل والفصائل الفلسطينية بـ""التعذيب"" والعنف الجنسي والعنف القائم على النوع الاجتماعي.
وأوضحت رئيسة اللجنة نافي بيلاي، المفوضة السابقة لحقوق الإنسان في الأمم المتحدة، في بيان ""على إسرائيل أن توقف فورا تدميرها العشوائي وغير المسبوق للمرافق الصحية في غزة"".
وتابعت أن ذلك يشكل ""استهدافا مباشرا للحق في الصحة، ما يترتب عليه عواقب سلبية كبيرة وطويلة الأمد على السكان المدنيين"".
كما خلص التقرير إلى أن القوات الإسرائيلية ""تعمدت قتل واحتجاز وتعذيب العاملين في المجال الطبي واستهدفت المركبات الطبية"" في غزة وقيّدت تصاريح مغادرة القطاع لتلقي العلاج الطبي.
وقالت اللجنة إن مثل هذه الأفعال تشكل جرائم حرب عديدة و""جريمة ضد الإنسانية تتمثل في الإبادة"".
وتابعت أن إسرائيل سببت ""معاناة لا تحصى"" للمرضى الأطفال و""فرضت عمدا ظروفا معيشية يقصد بها إهلاك أجيال من الأطفال الفلسطنيين، وربما الشعب الفلسطيني كجماعة"".
وسلط التقرير الضوء أيضا على مقتل الطفلة هند رجب في كانون الثاني/يناير باعتبارها ""إحدى أكثر الحالات فظاعة"". واتصلت هند بالهلال الأحمر الفلسطيني، متوسلة لإنقاذها، بعد تعرض سيارة عائلتها لإطلاق نار في مدينة غزة.
وتم في نهاية المطاف العثور على جثتها إلى جانب ستة من أقاربها واثنين من عمال الإنقاذ التابعين للهلال الأحمر الذين تم إرسالهم للبحث عنها. وقالت اللجنة إنها توصلت إلى أن الفرقة 162 في الجيش الإسرائيلي مسؤولة عن قتلهم، ما يشكل جريمة حرب.

فرانس24/ أ ف ب","
                                        اتهم تقرير أعده محققون لدى الأمم المتحدة الخميس، إسرائيل بتنفيذ ""سياسة منسقة لتدمير نظام الرعاية الصحية في غزة كجزء من هجوم أوسع"" معتبرا بذلك أن الدولة العبرية ارتكبت ""جرائم حرب وجريمة ضد الإنسانية"". ويتطرق التقرير أيضا لإساءة معاملة المعتقلين الفلسطينيين في إسرائيل والرهائن في غزة، متهما إسرائيل والفصائل الفلسطينية بـ""التعذيب"" والعنف الجنسي والعنف القائم على النوع الاجتماعي.                ",https://www.france24.com/ar/%D8%A7%D9%84%D8%B4%D8%B1%D9%82-%D8%A7%D9%84%D8%A3%D9%88%D8%B3%D8%B7/20241010-%D8%AA%D9%82%D8%B1%D9%8A%D8%B1-%D8%A7%D9%84%D8%A3%D9%85%D9%85-%D8%A7%D9%84%D9%85%D8%AA%D8%AD%D8%AF%D8%A9-%D9%8A%D8%AA%D9%87%D9%85-%D8%A5%D8%B3%D8%B1%D8%A7%D8%A6%D9%8A%D9%84-%D8%B3%D9%8A%D8%A7%D8%B3%D8%A9-%D9%85%D9%86%D8%B3%D9%82%D8%A9-%D8%AA%D8%AF%D9%85%D9%8A%D8%B1-%D8%A7%D9%84%D9%86%D8%B8%D8%A7%D9%85-%D8%A7%D9%84%D8%B5%D8%AD%D9%8A-%D8%BA%D8%B2%D8%A9-%D8%AC%D8%B1%D9%8A%D9%85%D8%A9-%D8%AD%D8%B1%D8%A8-%D8%AC%D8%B1%D8%A7%D8%A6%D9%85-%D8%B6%D8%AF-%D8%A7%D9%84%D8%A5%D9%86%D8%B3%D8%A7%D9%86%D9%8A%D8%A9,10/10/2024 - 18:58,"

                                    الشرق الأوسط
                            "
29,France 24,"فيلم الرعب ""احبس أنفاسك"": حين يحول غبار الصحراء الحياة إلى جحيم",,"
                                                فيلم "" هولد يور براث"" ينقلنا إلى في ولاية أوكلاهوما الامريكية في ثلاثينيات القرن الماضي لنتابع قصة أم شابة تعيش مع ابنتيها في بيت عتيق في منطقة نائية في هذه الولاية في الوسط الأمريكي الزراعي الذي يعاني وقتها من كثرة العواصف الرملية  التي تدفن  البيوت وتدمر المحاصيل  الزراعية والتي تتسبب في فقر  السكان. في هذا الإطار تتفطن الأم إلى وجود قوة غير طبيعية تشاركها المكان وتهددها وأسرتها. نتعرف أيضا مع عماد بنسعيد على الفيلم المنتظر على نتفليكس "" بلاتفورم 2 .                    ",https://www.france24.com/ar/%D8%A8%D8%B1%D8%A7%D9%85%D8%AC/%D8%B3%D8%AA%D8%B1%D9%8A%D9%85-%D8%AA%D8%A7%D9%8A%D9%85/20241010-%D9%81%D9%8A%D9%84%D9%85-%D8%A7%D9%84%D8%B1%D8%B9%D8%A8-%D8%A7%D8%AD%D8%A8%D8%B3-%D8%A3%D9%86%D9%81%D8%A7%D8%B3%D9%83-%D8%AD%D9%8A%D9%86-%D9%8A%D8%AD%D9%88%D9%84-%D8%BA%D8%A8%D8%A7%D8%B1-%D8%A7%D9%84%D8%B5%D8%AD%D8%B1%D8%A7%D8%A1-%D8%A7%D9%84%D8%AD%D9%8A%D8%A7%D8%A9-%D8%A5%D9%84%D9%89-%D8%AC%D8%AD%D9%8A%D9%85,10/10/2024 - 11:17,"

                                    ثقافة
                            "
30,France 24,الكاتبة الكورية الجنوبية هان كانغ تفوز بجائزة نوبل للآداب 2024,"
أعلنت الأكاديمية الملكية السويدية للعلوم المانحة لجائزة نوبل الخميس فوز الكاتبة الكورية الجنوبية هان كانغ (53 عاما) بجائزة نوبل في الأدب لعام 2024 ""لنثرها الشعري المكثف الذي يواجه الصدمات التاريخية ويكشف هشاشة الحياة البشرية"".
وأشارت الأكاديمية السويدية أن ""أعمال هان كانغ تتميز بهذا التعرض المزدوج للألم، والتوافق بين العذاب العقلي والعذاب الجسدي، في ارتباط وثيق بالفكر الشرقي"".
وانعكس ولع هان كانغ بالفن والموسيقى أيضا، إلى جانب الكتابة، على مجمل مؤلفاتها الأدبية.
وكافأت جائزة نوبل للآداب شخصية أدبية من منطقة في العالم غير أوروبا أو أمريكا الشمالية، مع أن كتابا منتمين إلى الثقافة الغربية يهيمنون عادة عليها إلى حد كبير.
وقال السكرتير الدائم للأكاديمية السويدية ماتس مالم ""لقد تحدثت معها بالهاتف. كانت تقضي يوما عاديا، وانتهت للتو من تناول العشاء مع نجلها. لم تكن مستعدة حقا لهذا الأمر، لكننا بدأنا الحديث عن الاستعدادات لشهر كانون الأول/ديسمبر""، موعد تسليم الجائزة.
من جهته، أكد رئيس لجنة نوبل أندرس أولسون للصحافيين أن الكاتبة المولودة في 27 تشرين الأول/نوفمبر 1970 في غوانغجو بكوريا الجنوبية، تتمتع ""بوعي فريد بالروابط بين الجسد والروح، وبين الأحياء والأموات، ومن خلال أسلوبها الشعري والتجريبي، تعتبر مبتكرة في مجال النثر المعاصر"".
عرفت هان كانغ نجاحا عالميا بروايتها ""ذي فيدجيتيريان"" The Vegetarian (أي ""النباتية"") في 2007). ويصور الكتاب المتكون من ثلاثة أجزاء العواقب العنيفة لرفض بطلة الرواية يونغ هاي أكل اللحوم، مما جعل محيطها ينبذها بقساوة.
وتروي الكاتبة في هذه القصة كيفية استغلال يونغ هاي ""شهوانيا"" من قبل صهرها فنان الفيديو.
ويتبع القارئ بعد ذلك الانزلاق التدريجي للشخصية الرئيسية إلى الذهان الذي سيقودها إلى مصحة للمصابين بأمراض نفسية.
واعتبرت عضو الأكاديمية آنا كارينا بالم أن ""ثمة استمرارية لافتة في المواضيع التي تتناولها"" هان كانغ، لكنها رصدت ""في الوقت نفسه تنوعا هائلا في الأسلوب يجعل من كل كتاب بُعدا جديدا أو تعبيرا جديدة عن هذه المواضيع الاساسية"".
وتتميز هان كانغ ايضا بكونها امرأة ملتزمة. فهي كانت مدرجة في ""قائمة سوداء"" تضم نحو عشرة آلاف شخصية ثقافية في كوريا الجنوبية متهمة بانتقاد الرئيسة بارك غن هاي التي تولت السلطة بين 2013 و2017.
واتُهم عدد من المقربين من السلطة بأنهم أرادوا حرمان هؤلاء الفنانين من أي مساعدة عامة أو أي تمويل خاص، فضلاً عن وضعهم تحت المراقبة.
وباتت هان كانغ أول كورية جنوبية تفوز بجائزة نوبل الآداب. وفي 2016، حصلت على جائزة مان بوكر، وهي إحدى الجوائز الأدبية الرئيسية للمؤلفين الذين يكتبون باللغة الإنكليزية.
وكان الرئيس السابق كيم داي جونغ الذي تولى السلطة بين 1998 و2003 الكوري الجنوبي الوحيد سبق هان كانغ عام 2000 إلى نيل جائزة نوبل، ولكن تلك المخصصة للسلام، عن ""جهوده من أجل السلام والمصالحة مع كوريا الشمالية"".
وهيمنت على جائزة نوبل الآداب منذ إنشائها رؤية غربية وذكورية، إذ من بين 121 فائزا بها، اقتصر عدد النساء على 18. وتستخدم أقلية من المؤلفين الفائزين بها لغات دول آسيا أو أفريقيا أو الشرق الأوسط، أي المؤلفين باللغات الإنكليزية والفرنسية والإسكندنافية والألمانية والسلافية والإسبانية والإيطالية.
ولم يفز بالجائزة إلا كاتب واحد بالعربية هو المصري نجيب محفوظ عام 1988، مقابل 16 مؤلفا بالفرنسية. وفي العام الماضي، نال جائزة نوبل للآداب الكاتب المسرحي النروجي يون فوسه.
في ما يلي لائحة بأسماء الفائزين بجائزة نوبل للآداب خلال الأعوام العشرة الأخيرة:
- 2024: هان كانغ (كوريا الجنوبية)
- 2023: يون فوسه (النرويج)
- 2022: أنّي إرنو (فرنسا)
- 2021: عبد الرزاق قرنح (مولود في تنزانيا ومقيم في بريطانيا)
- 2020: لويز غلوك (الولايات المتحدة)
- 2019: بيتر هاندكه (النمسا)
- 2018: أولغا توكارتشوك (بولندا)
- 2017: كازوو إيشيغورو (بريطانيا)
- 2016: بوب ديلان (الولايات المتحدة)
- 2015: سفيتلانا أليكسييفيتش (بيلاروسيا)
- 2014: باتريك موديانو (فرنسا)
فرانس24/أ ف ب","
                                        فازت الكاتبة الكورية الجنوبية هان كانغ (53 عاما) بجائزة نوبل للآداب 2024 عن ""نثرها الشعري المكثف الذي يواجه الصدمات التاريخية ويكشف هشاشة الحياة البشرية"". وتعد كانغ الأولى من بلدها تنال هذه المكافأة المرموقة. وهيمنت على جائزة نوبل الآداب منذ إنشائها رؤية غربية وذكورية، إذ من بين 121 فائزا بها، اقتصر عدد النساء على 18.                ",https://www.france24.com/ar/%D8%AB%D9%82%D8%A7%D9%81%D8%A9/20241010-%D8%A7%D9%84%D9%83%D8%A7%D8%AA%D8%A8%D8%A9-%D8%A7%D9%84%D9%83%D9%88%D8%B1%D9%8A%D8%A9-%D8%A7%D9%84%D8%AC%D9%86%D9%88%D8%A8%D9%8A%D8%A9-%D9%87%D8%A7%D9%86-%D9%83%D8%A7%D9%86%D8%BA-%D8%AA%D9%81%D9%88%D8%B2-%D8%A8%D8%AC%D8%A7%D8%A6%D8%B2%D8%A9-%D9%86%D9%88%D8%A8%D9%84-%D9%84%D9%84%D8%A2%D8%AF%D8%A7%D8%A8-2024,10/10/2024 - 13:43,"

                                    ثقافة
                            "
31,France 24,هل تمكنت إسرائيل من القضاء على قدرات حزب الله العسكرية؟,,"
                                                في مداخلة خاصة مع قناة فرانس24، نفت مراساتنا ليلى عودة وجود صلة بين عملية الطعن في مدينة الخضيرة والصراع القائم في المنطقة. وأشارت إلى أن إسرائيل تعتقد أن حزب الله لا يزال متمكنا على الرغم من الضربات الموجعة التي وجهتها له.                     ",https://www.france24.com/ar/%D9%81%D9%8A%D8%AF%D9%8A%D9%88/20241010-%D8%B9%D9%85%D9%84%D9%8A%D8%A9-%D8%B7%D8%B9%D9%86-%D9%81%D9%8A-%D8%A5%D8%B3%D8%B1%D8%A7%D8%A6%D9%8A%D9%84,10/10/2024 - 15:06,"
                                    الأخبار المغاربية
                            "
32,France 24,"عاصفة ""كيرك"" تضرب فرنسا وتتسبب بسيول وفيضانات",,"
                                                ضربت عاصفة كيرك مناطق عديدة من فرنسا وتسببت بفيضانات وسيول أغرقت الشوراع. وتطلبت العاصفة تدخل 3700 من رجال الإطفاء، بحسب ميشيل بارنييه الذي أكد أن “الدولة كانت موجودة وستكون موجودة في إدارة ما بعد الأزمة” لهذه الأحداث “الخطيرة للغاية”.                    ",https://www.france24.com/ar/%D9%81%D9%8A%D8%AF%D9%8A%D9%88/20241010-%D8%B9%D8%A7%D8%B5%D9%81%D8%A9-%D9%83%D9%8A%D8%B1%D9%83-%D8%AA%D8%AA%D8%B3%D8%A8%D8%A8-%D8%A8%D9%81%D9%8A%D8%B6%D8%A7%D9%86%D8%A7%D8%AA-%D9%88%D8%B3%D9%8A%D9%88%D9%84-%D9%81%D9%8A-%D8%A8%D8%A7%D8%B1%D9%8A%D8%B3,10/10/2024 - 16:32,"
                                    الأخبار المغاربية
                            "
33,France 24,فرنسا: إجراءات جديدة ضد الهجرة؟,,"
                                                نستضيف في هذا العدد من ""حدث اليوم"" الكاتب والصحفي صديق حاجي، ​​​​​​للحديث عن تصريحات وزير الداخلية الفرنسي برينو روتايو حول تشدد إجراءات الهجرة وتسهيل عمليات ترحيل المهاجرين غير الشرعيين وكل من يتواجد في وضعية غير قانونية.                    ",https://www.france24.com/ar/%D8%A8%D8%B1%D8%A7%D9%85%D8%AC/%D8%AD%D8%AF%D8%AB-%D8%A7%D9%84%D9%8A%D9%88%D9%85/20241010-%D9%81%D8%B1%D9%86%D8%B3%D8%A7-%D8%A5%D8%AC%D8%B1%D8%A7%D8%A1%D8%A7%D8%AA-%D8%AC%D8%AF%D9%8A%D8%AF%D8%A9-%D8%B6%D8%AF-%D8%A7%D9%84%D9%87%D8%AC%D8%B1%D8%A9,10/10/2024 - 21:18,"

                                    فرنسا
                            "
34,France 24,لبنان: ضوء أخضر من بايدن لنتانياهو؟,,"
                                                في ""النقاش"" نتناول الهجوم الإسرائيلي الأول على وسط بيروت، وفحوى الاتصال الهاتفي بين جو بايدن وبنيامين نتانياهو حيث ركز الرئيس الأمريكي  على تجنب استهداف المدنيين دون التطرق إلى موضوع وقف إطلاق النار. فرنسا طرحت فكرة وقف تزويد اسرائيل بالسلاح، بينما قررت ألمانيا بإمدادها بالمزيد من الاسلحة. لماذا هذا الخطاب المزدوج؟ هل يوجد فعلا انسجام في المواقف حتى لا يتعرض لبنان إلى المزيد من الدمار؟ ضيوف الحلقة: المحلل السياسي كمال طربيه، والصحفية جوزفين ديب، وعضو مجلس الشرق الأوسط للسياسات ماركو مسعد.                    ",https://www.france24.com/ar/%D8%A8%D8%B1%D8%A7%D9%85%D8%AC/%D8%A7%D9%84%D9%86%D9%82%D8%A7%D8%B4/20241010-%D9%84%D8%A8%D9%86%D8%A7%D9%86-%D8%B6%D9%88%D8%A1-%D8%A3%D8%AE%D8%B6%D8%B1-%D9%85%D9%86-%D8%A8%D8%A7%D9%8A%D8%AF%D9%86-%D9%84%D9%86%D8%AA%D9%86%D9%8A%D8%A7%D9%87%D9%88,10/10/2024 - 21:55,"

                                    الشرق الأوسط
                            "
35,France 24,مزارعة تونسية تنقذ بلدتها من الجفاف عن طريق فكرة بسيطة,,"
                                                ﺑﻔﻀﻞ ﺗﻤﻮﻳﻼﺕ ﻣﻦ ﻣﻨﻈﻤﺎﺕ ﺩﻭﻟﻴﺔ ﺷﻴﺪﺕ ﺍﻟﻤﺰﺍﺭﻋﺔ ﺳﻌﻴﺪﺓ ﺍﻟﺰﻭﺍﻭﻱ ﺳﺪﺍ ﺗﺘﺠﻤﻊ ﻓﻴﻪ ﻣﻴﺎﻩ ﺍﻟﻴﻨﺎﺑﻴﻊ ﺍﻟﻘﺎﺩﻣﺔ ﻣﻦ ﺑﻴﻦ ﺛﻨﺎﻳﺎ ﺍﻟﺠﺒﺎﻝ ﻟﻴﺼﺒﺢ ﺍﻟﺴﺪ ﺷﺮﻳﺎﻥ ﺣﻴﺎﻩ ﻷﻛﺜﺮ ﻣﻦ ﺃﺭﺑﻌﻴﻦ ﻣﺰﺍﺭﻋﺎ ﺗﻐﻴﺚ ﻣﻴﺎﻫﻪ ﻣﺤﺎﺻﻴﻠﻬﻢ ﻓﻲ ﻇﻞ ﺗﺮﺍﺟﻊ ﺗﺴﺎﻗﻂ ﺍﻷﻣﻄﺎﺭ. ﻛﺎﻥ ﻫﺬﺍ ﺍﻟﺴﺪ ﺣﻠﻤﺎ ﻟﻮﺍﻟﺪ ﺳﻌﻴﺪﺓ ﻭﻳﺒﻠﻎ ﻃﻮﻟﻪ 70 ﻣﺘﺮﺍ ﻭﺍﺭﺗﻔﺎﻋﻪ ﺛﻼﺛﺔ ﺃﻣﺘﺎﺭ ﻭﻧﻔﺬﺗﻪ ﻣﻨﻈﻤﺔ ﺍﻟﻌﻤﻞ ﺍﻟﺪﻭﻟﻴﺔ ﺑﺘﻤﻮﻳﻞ ﻣﻦ ﺍﻻﺗﺤﺎﺩ ﺍﻷﻭﺭﻭﺑﻲ.                    ",https://www.france24.com/ar/%D9%81%D9%8A%D8%AF%D9%8A%D9%88/20241010-%EF%BB%A3%EF%BA%B0%EF%BA%8D%EF%BA%AD%EF%BB%8B%EF%BA%94-%EF%BA%97%EF%BB%AE%EF%BB%A7%EF%BA%B4%EF%BB%B4%EF%BA%94-%EF%BA%97%EF%BB%A8%EF%BB%98%EF%BA%AC-%EF%BA%91%EF%BB%A0%EF%BA%AA%EF%BA%97%EF%BB%AC%EF%BA%8E-%EF%BB%A3%EF%BB%A6-%EF%BA%8D%EF%BB%9F%EF%BA%A0%EF%BB%94%EF%BA%8E%EF%BB%91-%EF%BB%8B%EF%BB%A6-%EF%BB%83%EF%BA%AE%EF%BB%B3%EF%BB%96-%D9%81%D9%83%D8%B1%D8%A9-%D8%A8%D8%B3%D9%8A%D8%B7%D8%A9,10/10/2024 - 17:56,"
                                    الأخبار المغاربية
                            "
36,France 24,ترامب يرفض إجراء مناظرة ثانية مع هاريس قبل الانتخابات الرئاسية الأمريكية,"

رفض الرئيس الجمهوري السابق للولايات المتحدة دونالد ترامب الأربعاء المشاركة في مناظرة تلفزيونية ثانية أمام نائبة الرئيس الديمقراطية كاملا هاريس. وكانت قناة ""فوكس نيوز"" قد وجهت دعوة في اليوم ذاته للمرشحين المتنافسين في الانتخابات الرئاسية بالبلاد للمشاركة في مناظرة ثانية في 24 أو 27 أكتوبر/تشرين الأول الجاري.
كانت المناظرة الأولى بينهما في العاشر من سبتمبر/أيلول. ويقول ترامب إنه لن تكون هناك مناظرة أخرى قبل الانتخابات المقرر إجراؤها في الخامس من نوفمبر/تشرين الثاني. وكان قد رفض دعوة سابقة من ""سي.إن.إن"" لإجراء مناظرة في 23 أكتوبر/ تشرين الأول، والتي قبلتها هاريس.

يتنافس ترامب وهاريس في سباق انتخابي تشير استطلاعات الرأي إلى تقارب حظوظهما فيه. وكانت ""فوكس نيوز"" قد قالت في بيانها إن إجراء مناظرة ثانية ""سيتيح فرصة لكل من المرشحين لتقديم ورقته الأخيرة"".
وشهد الأسبوع الماضي مناظرة بين حاكم ولاية مينيسوتا تيم والز المرشح لمنصب نائب الرئيس بصحبة هاريس وعضو مجلس الشيوخ جيه.دي فانس المرشح للمنصب بصحبة ترامب.
وقال ترامب على منصة التواصل الاجتماعي ""تروث سوشال"" التي يملكها ""لن تكون هناك جولة ثانية... لا يوجد شيء للمناقشة"". وأضاف أن مثل هذه العملية ستكون ""متأخرة جدا"" في الوقت الحالي.
سبق لترامب خوض مناظرة في أواخر يونيو/حزيران أمام الرئيس الحالي جو بايدن الذي كان مرشح الحزب الديمقراطي في ذلك الحين. وبعد أقل من شهر من المناظرة التي وصف أداؤه فيها بالكارثي، تنازل بايدن عن الترشح. ومنحت تلك المناظرة ترامب أفضلية على بايدن، لكن هاريس تسلمت الراية بعد انسحاب بايدن، وهو ما استتبع تقارب الحظوظ بينهما، لدرجة أن بعض استطلاعات الرأي أظهرت تقدمها بفارق ضئيل.
وفي مناظرتهما في العاشر من سبتمبر/أيلول، جعلت هاريس ترامب في موقف المدافع بسلسلة من الهجمات التي تناولت مدى أهليته للمنصب ودعمه لفرض قيود على الإجهاض وأزماته القانونية المتعددة.

فرانس24/ أ ف ب","
                                        أعلن الرئيس الأمريكي السابق دونالد ترامب ومرشح الحزب الجمهوري في الانتخابات الرئاسية الأربعاء رفضه دعوة قناة ""فوكس نيوز"" بإجراء مناظرة تلفزيونية ثانية مع خصمته مرشحة الحزب الديمقراطي كامالا هاريس نهاية شهر أكتوبر/تشرين الأول الجاري. وعلل ترامب رفضه بالقول إنه ""لا يوجد شيء للمناقشة""، وأن هذه المناظرة ستكون ""متأخرة للغاية"".                  ",https://www.france24.com/ar/%D8%A3%D9%85%D8%B1%D9%8A%D9%83%D8%A7/20241010-%D8%AF%D9%88%D9%86%D8%A7%D9%84%D8%AF-%D8%AA%D8%B1%D8%A7%D9%85%D8%A8-%D8%B1%D9%81%D8%B6-%D9%85%D9%86%D8%A7%D8%B8%D8%B1%D8%A9-%D8%AB%D8%A7%D9%86%D9%8A%D8%A9-%D9%83%D8%A7%D9%85%D8%A7%D9%84%D8%A7-%D9%87%D8%A7%D8%B1%D9%8A%D8%B3-%D8%A7%D9%84%D8%A7%D9%86%D8%AA%D8%AE%D8%A7%D8%A8%D8%A7%D8%AA-%D8%A7%D9%84%D8%B1%D8%A6%D8%A7%D8%B3%D9%8A%D8%A9-%D8%A7%D9%84%D8%A3%D9%85%D8%B1%D9%8A%D9%83%D9%8A%D8%A9,10/10/2024 - 10:57,"

                                    أمريكا
                            "
37,France 24,فيلم وكتاب عن ترامب: صنيعة قطب الماكارثية وصديق بوتين المقرب,,"
                                                 قبل أقل من أربعة أسابيع عن انطلاق الانتخابات الرئاسية الأمريكية، يخرج إلى صالات العرض وإلى المكتبات فيلم سينمائي وكتاب من شأنهما أن يساهما بشكل كبير في توجيه التصويت في الانتخابات الرئاسية الأمريكية. الفيلم بعنوان ""المتدرب"" يروي حكاية صعود ترامب وكيف أنه كان صنيعة المحامي روي كون أحد أقطاب الماكارثية البارزين الذي لقن ترامب فن ""الحقائق الموزاية"" وفي الكتاب يعود الصحفي بوب وودوورد، مفجر قضية ووترغيت التي أطاحت بريتشارد نيكسون، يعود في كتاب جديد هو الخامس عن ترامب يكشف فيه عن علاقة وطيدة جدا بين ترامب وبوتين.                     ",https://www.france24.com/ar/%D9%81%D9%8A%D8%AF%D9%8A%D9%88/20241010-chronique-internationale-10-10-2024,10/10/2024 - 09:38,"

                                    أمريكا
                            "
38,France 24,دوري الأمم الأوروبية: إيطاليا تواجه بلجيكا وفرنسا تلتقي إسرائيل على أرض محايدة بسبب الحرب في غزة,"
تتواصل مباريات دوري الأمم الأوروبية لكرة القدم حيث تشهد الجولة الثالثة الخميس مبارتي: إيطاليا/بلجيكا وفرنسا/إسرائيل ضمن المجموعة الثانية.
المنتخب الإيطالي الذي يريد تجاوز خيبة خروجه المبكر من كأس أوروبا (الدور ثمن النهائي) يلتقي نظيره البلجيكي في أول مباراة له على أرضه في النسخة الجديدة من المسابقة القارية بالعاصمة روما.
ويأمل الإيطاليون بقيادة مدربهم لوتشانو سباليتي، الاستفادة من افتقاد ""الشياطين الحمر"" لنجمهم كيفن دي بروين للإصابة وهدافهم روميلو لوكاكو الذي طلب مرة أخرى استبعاده من أجل التركيز على استعادة لياقته الكاملة.
ولا يزال سباليتي يتوقع تحديا قويا من بلجيكا التي خيّبت أيضا الآمال في كأس أوروبا هذا الصيف بخروجها من الدور الأول.
وقال سباليتي ""بلجيكا اختبار جيد، فريق قوي. منتخب جيد يلعب كرة قدم جيدة""، مضيفا ""قد تكون (المباراة) صعبة. أريد أن أرى الثقة، الفريق الذي يعمل بشكل جيد معا منذ أيلول/سبتمبر (ضد فرنسا وإسرائيل)"".
بعد مباراة هذا الأسبوع في روما، ستنتقل إيطاليا شمالا إلى أوديني لمواجهة إسرائيل التي ما زالت من دون رصيد وغير القادرة على اللعب على أرضها بسبب الوضع الأمني في الشرق الأوسط.

وتلعب إسرائيل مع فرنسا على أرض محايدة في العاصمة المجرية بودابست، حيث يبدأ ""الديوك"" مشوارهم من دون أنطوان غريزمان الذي اعتزل اللعب الدولي الأسبوع الماضي.
ويُعد قرار غريزمان تأكيدا إضافيا على الوصول إلى نهاية حقبة منتخب فاز بكأس العالم 2018 ووصل إلى النهائي بعد أربعة أعوام في قطر.


وعلّق المدافع إبراهيما كوناتيه على قرار اعتزال غريزمان بالقول ""أعتقد أن الجميع كانوا يفضلون أن يعرفوا (قراره) خلال التجمع الأخير (في أيلول/سبتمبر) من أجل منحه الوداع المناسب"".
ولحق غريزمان بكل من الحارس أوغو لوريس ورافايل فاران وأوليفييه جيرو، في حين لن يخاطر المدرب ديدييه ديشان بالقائد كيليان مبابي إن كان ضد إسرائيل أو بلجيكا نتيجة إصابة تعرض لها مؤخرا في الفخذ.
وتلعب فرنسا مع مضيفتها إسرائيل في المجر بسبب حرب إسرائيل في غزة. وقال ديشان ""يتعين علينا ضمان أن تظل المباراة مجرد مباراة كرة قدم لأن هذا هو الواقع. الأمور متوترة للغاية بالطبع وهذا هو الواقع للآسف"".
وبعد إسرائيل ستواجه فرنسا، التي تحتل المركز الثاني في مجموعتها، منافستها بلجيكا يوم الاثنين.
فرانس24/وكالات","
                                        تشهد مباريات المجموعة الثانية من الجولة الثالثة لدوري الأمم الأوروبية لكرة القدم الخميس مواجهة بين بلجيكا و إيطاليا التي تسعى للاستفادة من افتقاد ""الشياطين الحمر""  لنجمهم كيفن دي بروين وهدافهم روميلو لوكاكو، لتأكيد صحوتها بعد خيبة كأس أوروبا. فيما يلتقي المنتخب الفرنسي نظيره الإسرائيلي بالمجر وسط إجراءات أمنية مشددة بسبب حرب إسرائيل في غزة ولبنان.                ",https://www.france24.com/ar/%D8%B1%D9%8A%D8%A7%D8%B6%D8%A9/20241010-%D8%AF%D9%88%D8%B1%D9%8A-%D8%A7%D9%84%D8%A3%D9%85%D9%85-%D8%A7%D9%84%D8%A3%D9%88%D8%B1%D9%88%D8%A8%D9%8A%D8%A9-%D8%A5%D9%8A%D8%B7%D8%A7%D9%84%D9%8A%D8%A7-%D8%A8%D9%84%D8%AC%D9%8A%D9%83%D8%A7-%D9%85%D8%A8%D8%A7%D8%B1%D8%A7%D8%A9-%D9%81%D8%B1%D9%86%D8%B3%D8%A7-%D8%A5%D8%B3%D8%B1%D8%A7%D8%A6%D9%8A%D9%84-%D8%A7%D9%84%D9%85%D8%AC%D8%B1-%D8%A7%D9%84%D8%AD%D8%B1%D8%A8-%D9%81%D9%8A-%D8%BA%D8%B2%D8%A9,10/10/2024 - 09:35,"

                                    رياضة
                            "
39,France 24,اتصال بين بايدن ونتنياهو لتنسيق الرد الإسرائيلي على الهجوم الإيراني؟,,"
                                                قالت الرئاسة الأميركية في بيان إنّ بايدن ونتانياهو اتفقا على ""البقاء على اتصال وثيق خلال الأيام المقبلة، بشكل مباشر ومن خلال فرقهما من مستشاري الأمن القومي"" بشأن الردّ الإسرائيلي المتوقع على الهجوم الصاروخي الذي شنّته إيران على الدولة العبرية في الأول من تشرين الأول/أكتوبر الجاري. ولم يتضمّن البيان أيّ تفاصيل بشأن الردّ الإسرائيلي المرتقب.                    ",https://www.france24.com/ar/%D9%81%D9%8A%D8%AF%D9%8A%D9%88/20241010-%D8%A7%D8%AA%D8%B5%D8%A7%D9%84-%D9%87%D8%A7%D8%AA%D9%81%D9%8A-%D8%A8%D9%8A%D9%86-%D8%A8%D8%A7%D9%8A%D8%AF%D9%86-%D9%88%D9%86%D8%AA%D9%86%D9%8A%D8%A7%D9%87%D9%88-%D9%87%D8%A7%D8%B1%D9%8A%D8%B3,10/10/2024 - 09:59,"
                                    الأخبار المغاربية
                            "
40,France 24,باريس تعلن استضافة مؤتمر دولي لدعم لبنان في 24 أكتوبر,"
أعلنت وزارة الخارجية الفرنسية الأربعاء أن المؤتمر الدولي المخصص للبنان، الذي دعا إليه الرئيس الفرنسي إيمانويل ماكرون، سيعقد في باريس يوم 24 تشرين أول/أكتوبر. وأوضحت الوزارة في بيان لها أن هذا المؤتمر الوزاري سيجمع الدول الشريكة للبنان والأمم المتحدة والاتحاد الأوروبي والمنظمات الدولية والإقليمية والمجتمع المدني.
وأضافت الوزارة أن المؤتمر يهدف إلى تعبئة المجتمع الدولي للاستجابة لحاجات الحماية والإغاثة الطارئة لشعب لبنان، وتحديد سبل دعم المؤسسات اللبنانية، لا سيما القوات المسلحة اللبنانية الضامنة للاستقرار الداخلي في البلاد.
يأتي هذا المؤتمر في ظل تصاعد التوتر في المنطقة، حيث تشن إسرائيل حربا مفتوحة في لبنان ضد حزب الله الموالي لإيران، حليف حماس. وقد أدى هذا الصراع إلى نزوح أكثر من مليون شخص في لبنان، بينما نزح نحو 60 ألفا من سكان شمال إسرائيل.
وأكدت الوزارة أنه في مواجهة أزمة سياسية وإنسانية خطرة وعميقة، ستذكر فرنسا من خلال هذا المؤتمر بالحاجة الملحة لوقف الأعمال القتالية والتوصل إلى حل دبلوماسي يستند إلى قرار مجلس الأمن الدولي الرقم 1701، والسماح بالعودة الآمنة للنازحين في كل من إسرائيل ولبنان إلى ديارهم.
وخلال جلسة مساءلة في مجلس الشيوخ الأربعاء، قال وزير الخارجية الفرنسي جان-نويل بارو إن فرنسا تشجع القادة السياسيين اللبنانيين على تحمل مسؤولياتهم لوضع البلاد على المسار الصحيح. وشدد بارو على أنه لكي يحافظ لبنان على وحدته واستقراره، لا بد أن يكون للبنان رئيس.
كما حذر الوزير الفرنسي من تداعيات توسع النزاع إلى حرب إقليمية، مشيرا إلى أن ذلك سيؤثر على أسعار البنزين والغاز، والتهديد الإرهابي، ومسألة الهجرة. وأوضح أن هذه التداعيات تحدث اليوم لكن بصورة جزئية.
وبحسب أرقام لبنانية رسمية، خلفت أعمال العنف ألفي قتيل منذ 23 أيلول/سبتمبر بينهم أكثر من ألف منذ تشرين الأول/أكتوبر مع بدء الضربات الإسرائيلية على جنوب لبنان وشرقه، وكذلك على ضاحية بيروت الجنوبية معقل حزب الله.
وشدد بارو على أن فرنسا تبذل قصارى جهدها للعمل من خلال القنوات الدبلوماسية حتى يتوقف إطلاق النار وتتوقف المعاناة ويستعيد لبنان، بوحدة أراضيه وسيادته، هويته الحقيقية.","
                                        كشفت فرنسا الأربعاء عن استضافتها لمؤتمر دولي في باريس لدعم لبنان وسط تصاعد التوتر الإقليمي. ويهدف المؤتمر لحشد الدعم الدولي وتلبية احتياجات الشعب اللبناني. وحذر وزير الخارجية الفرنسي من تداعيات توسع النزاع، مؤكدا أهمية انتخاب رئيس لوضع لبنان على المسار الصحيح والحفاظ على وحدته واستقراره.                ",https://www.france24.com/ar/%D8%A7%D9%84%D8%B4%D8%B1%D9%82-%D8%A7%D9%84%D8%A3%D9%88%D8%B3%D8%B7/20241010-%D8%A8%D8%A7%D8%B1%D9%8A%D8%B3-%D8%AA%D8%B9%D9%84%D9%86-%D8%A7%D8%B3%D8%AA%D8%B6%D8%A7%D9%81%D8%A9-%D9%85%D8%A4%D8%AA%D9%85%D8%B1-%D8%AF%D9%88%D9%84%D9%8A-%D9%84%D8%AF%D8%B9%D9%85-%D9%84%D8%A8%D9%86%D8%A7%D9%86-%D9%81%D9%8A-24-%D8%A3%D9%83%D8%AA%D9%88%D8%A8%D8%B1,10/10/2024 - 04:31,"

                                    الشرق الأوسط
                            "
41,France 24,"تونس: ""ضيعتي الصغيرة"".. مشروع سياحي هدفه تربوي وبيئي",,"
                                                نجح مشروع ""ضيعتي الصغيرة"" للشابين يوسف ميارة ولطفي البنة في الحصول على علامة الجودة ""فارم روود"" للضيعات البيداغوجية لتكون ضيعتهما أول من يتحصل على هذه العلامة التي تم إطلاقها منذ سنتين باعتبارها الأولى من نوعها في أفريقيا والشرق الأوسط.. علامة بادرت بها السيدة إيمان مفتاح بهدف بناء شبكة من الضياع البيداغوجية ذات مستوى خدماتي عال يضمن لتونس إمكانية بناء نواة صلبة لمسار سياحي إيكولوجي من ناحية وللتأسيس للسياحة العلاجية بالحيوان على المدى المتوسط والبعيد.                     ",https://www.france24.com/ar/%D8%A8%D8%B1%D8%A7%D9%85%D8%AC/%D8%B1%D9%8A%D8%A8%D9%88%D8%B1%D8%AA%D8%A7%D8%AC/20241010-%D8%AA%D9%88%D9%86%D8%B3-%D8%B6%D9%8A%D8%B9%D8%AA%D9%8A-%D8%A7%D9%84%D8%B5%D8%BA%D9%8A%D8%B1%D8%A9-%D9%85%D8%B4%D8%B1%D9%88%D8%B9-%D8%B3%D9%8A%D8%A7%D8%AD%D9%8A-%D9%87%D8%AF%D9%81%D9%87-%D8%AA%D8%B1%D8%A8%D9%88%D9%8A-%D9%88%D8%A8%D9%8A%D8%A6%D9%8A,10/10/2024 - 17:18,"

                                    أفريقيا
                            "
42,France 24,ما رد فعل الجزائر والمغرب بعد ربط وزير الداخلية الفرنسي استعادة المهاجرين بالتأشيرات؟,,"
                                                ما رد فعل الجزائر والمغرب بعد ربط وزير الداخلية الفرنسي برونو روتايو استعادة المهاجرين بالتأشيرات؟                     ",https://www.france24.com/ar/%D9%81%D9%8A%D8%AF%D9%8A%D9%88/20241010-%D8%B1%D8%AC%D8%A7%D8%A6%D9%8A-%D8%A8%D8%B1%D9%83%D8%A7%D8%AA,10/10/2024 - 22:17,"

                                    الأخبار المغاربية
                            "
43,France 24,وزارة الصحة في قطاع غزة تعلن مقتل أكثر من 42 ألف فلسطيني مند بدء الحرب,,"
                                                قال مسعفون فلسطينيون إن 60 شخصا على الأقل قُتلوا في ضربات عسكرية إسرائيلية على قطاع غزة الأربعاء، بينما تواصل القوات الإسرائيلية حملتها العسكرية على مخيم جباليا للاجئين في شمال القطاع الذي قال مسؤول بالأمم المتحدة إنه يشهد تفشي الجوع مجددا.                    ",https://www.france24.com/ar/%D9%81%D9%8A%D8%AF%D9%8A%D9%88/20241010-%D9%88%D8%B2%D8%A7%D8%B1%D8%A9-%D8%A7%D9%84%D8%B5%D8%AD%D8%A9-%D9%81%D9%8A-%D9%82%D8%B7%D8%A7%D8%B9-%D8%BA%D8%B2%D8%A9-%D8%AA%D8%AD%D8%B5%D9%8A-%D9%85%D9%82%D8%AA%D9%84-42010-%D9%81%D9%84%D8%B3%D8%B7%D9%8A%D9%86%D9%8A%D9%8A%D9%86-%D9%85%D9%86%D8%AF-%D8%A8%D8%AF%D8%A1-%D8%A7%D9%84%D8%AD%D8%B1%D8%A8,10/10/2024 - 02:08,"
                                    الأخبار المغاربية
                            "
44,France 24,الجزائر: ماذا وراء لقاء رئيس أركان الجيش الجزائري بمدير الاستخبارات العسكرية الليبية؟,,"
                                                الجزائر: ماذا وراء لقاء رئيس أركان الجيش بمدير الاستخبارات العسكرية الليبية؟                    ",https://www.france24.com/ar/%D9%81%D9%8A%D8%AF%D9%8A%D9%88/20241010-%D8%B1%D8%B6%D9%88%D8%A7%D9%86-%D8%A8%D9%88%D9%87%D9%8A%D8%AF%D9%84,10/10/2024 - 22:17,"

                                    الأخبار المغاربية
                            "
45,France 24,تقرير لليونيسف: واحدة من كل ثماني فتيات ونساء تعرضن للاعتداء الجنسي والاغتصاب قبل بلوغ سن الـ18,"

أصدرت منظمة الأمم المتحدة للطفولة (اليونيسف) تقريرا دوليا يفيد بتعرّض أكثر من 370 مليون فتاة وامرأة في مختلف أنحاء العالم للاغتصاب أو لاعتداءات جنسية خلال طفولتهن أو مراهقتهن، وقالت المنظمة إن هذا النوع من العنف بلغ ""حجما خطيرا"".
وأفادت المنظمة في بيان يلخص فحوى التقرير الذي قدمته الخميس أن ""أكثر من 370 مليون فتاة وامرأة على قيد الحياة اليوم، أي واحدة من كل ثماني، تعرضت لاغتصاب أو لاعتداء جنسي قبل سن 18 عاما"". ولاحظ البيان أن ""عدد الفتيات والنساء المتأثرات يرتفع إلى 650 مليونا في كل أنحاء العالم، أي واحدة من كل خمس، إذا احتُسِبت أشكال العنف الجنسي التي لا يحصل فيها اتصال، كالاعتداءات اللفظية عبر الإنترنت"".
ووصفت المديرة التنفيذية للمنظمة كاثرين راسل ""العنف الجنسي ضد الأطفال"" بأنه ""اعتداء لا يحتمله ضميرنا الجماعي"". ونقل البيان عن راسل قولها إن هذه الاعتداءات وحالات الاغتصاب ""تُسبّب صدمة عميقة ودائمة""، مشيرة إلى أن ""من يرتكبها هو غالبا شخص موثوق به، في بيئات ينبغي أن يشعر فيها الطفل بالأمان"".
ويأتي إعلان هذه ""التقديرات العالمية والإقليمية الأولى على الإطلاق بشأن العنف الجنسي ضد الأطفال"" عشية الحادي عشر من تشرين الأول/أكتوبر، وهو ""اليوم العالمي للطفلة"" الذي أقرته الأمم المتحدة.
واعتبرت يونيسف أن ""حجم هذا العنف على النطاق العالمي (...) مثير للقلق"" خصوصا ذلك الذي يطال الفتيات المراهقات. وتضم منطقة جنوب الصحراء الكبرى في إفريقيا أكبر عدد من الضحايا (79 مليون فتاة وشابة، أي 22 في المئة من النساء فيها)، وبالتالي كانت واحدة من كل خمس نساء في هذه المنطقة ضحية لاعتداء جنسي أو اغتصاب قبل سن 18 عاما.
وجاءت منطقة شرق آسيا وجنوب شرقها في المركز الثاني (75 مليونا، أي 8 في المئة من النساء). وبلغ عدد الضحايا 73 مليونا في وسط آسيا وجنوبها (9 في المئة من النساء)، و68 مليونا في أوروبا وأمريكا الشمالية (14 في المئة)، و45 مليونا في أمريكا اللاتينية ومنطقة البحر الكاريبي (18 في المئة)، و29 مليونا في شمال إفريقيا والشرق الأوسط (15 في المئة) وستة ملايين في أوقيانوسيا (34 في المئة).
وتشكّل الحروب والأزمات الاقتصادية والاجتماعية مناخا يفاقم الاعتداءات على الفتيات، إذ أشارت راسل إلى ""العنف الجنسي الفظيع في مناطق النزاعات، حيث يُستخدم الاغتصاب والعنف القائم على النوع الاجتماعي في كثير من الأحيان كسلاح في الحرب"".

فرانس24/أ ف ب","
                                        بمناسبة اليوم الدولي للطفلة في 11 أكتوبر/تشرين الأول، أفادت منظمة الأمم المتحدة للطفولة (اليونيسف) الخميس في بيان يلخص فحوى تقرير أصدرته، بشأن تعرض النساء والفتيات للاعتداءات الجنسية، أن 370 مليون فتاة وامرأة في العالم قد تعرضن للاغتصاب أو لاعتداءات جنسية قبل بلوغهن عمر الثامنة عشرة. وقالت المنظمة إن هذا النوع من العنف بحق النساء قد بلغ ""حجما خطيرا"". ويقع أكبر عدد من الضحايا في منطقة جنوب الصحراء الكبرى (79 مليون ضحية)، ووسط آسيا وجنوبها (75 مليون ضحية).                ",https://www.france24.com/ar/%D9%85%D8%AC%D8%AA%D9%85%D8%B9/20241010-%D8%A7%D9%84%D9%8A%D9%88%D9%85-%D8%A7%D9%84%D8%AF%D9%88%D9%84%D9%8A-%D9%84%D9%84%D8%B7%D9%81%D9%84%D8%A9-370-%D9%85%D9%84%D9%8A%D9%88%D9%86-%D9%81%D8%AA%D8%A7%D8%A9-%D8%A7%D9%85%D8%B1%D8%A3%D8%A9-%D8%A7%D9%84%D8%A7%D8%B9%D8%AA%D8%AF%D8%A7%D8%A1-%D8%A7%D9%84%D8%AC%D9%86%D8%B3%D9%8A-%D8%A7%D9%84%D8%A7%D8%BA%D8%AA%D8%B5%D8%A7%D8%A8-%D9%82%D8%A8%D9%84-%D8%A7%D9%84%D8%AB%D8%A7%D9%85%D9%86%D8%A9-%D8%B9%D8%B4%D8%B1%D8%A9-%D8%A7%D9%84%D9%8A%D9%88%D9%86%D9%8A%D8%B3%D9%8A%D9%81-%D9%86%D8%B3%D8%A7%D8%A1,10/10/2024 - 09:48,"

                                    مجتمع
                            "
46,France 24,قمة في أسمرة تجمع رؤساء مصر وإريتريا والصومال في ظل توتر بمنطقة القرن الأفريقي,"
اجتمع رؤساء مصر و إريتريا و الصومال في قمة ثلاثية في أسمرة الخميس على خلفية التوترات المتزايدة في منطقة القرن الأفريقي.
ويأتي هذا اللقاء في ظل تزايد المخاوف بشأن الأمن والاستقرار في المنطقة منذ أن وقعت إثيوبيا في كانون الثاني/يناير اتفاقا مع جمهورية أرض الصومال الانفصالية يمنح الدولة المغلقة منفذا بحريا.
وأثار الاتفاق البحري غضب مقديشو وسلط الضوء على الخصومات الإقليمية مع توتر العلاقات بين إثيوبيا والصومال المجاورة وكذلك مصر.
وتضمن منشور للرئيس الصومالي حسن شيخ محمود على منصة اكس أنه عقد مع نظيريه الاريتري أسياس أفورقي والمصري عبد الفتاح السيسي قمة في أسمرة، وأرفقه بصورة تجمع القادة الثلاثة.
وأعلنت وزارة الإعلام الإريترية في بيان أن القمة ستركز على ""تعزيز العلاقات بين الدول الثلاث بالإضافة إلى مسائل الأمن والاستقرار الإقليمي"".
ولفتت الى أن الرئيس الصومالي الذي زار اريتريا عدة مرات، أجرى محادثات منفصلة مع أسياس بعد وقت قصير من وصوله في وقت متأخر الأربعاء.
وتحدثا عن الحاجة إلى تعزيز التعاون ""في المهام الشاقة المتمثلة في الحفاظ على سيادة الصومال وسلامة أراضيه واستقلاله ووحدته؛ وهو ما يظل شرطا أساسيا لتنميته على خلفية التحديات الهائلة التي واجهتها البلاد خلال العقدين الماضيين"".
وشددت وزارة الإعلام الإريترية  على أن الرئيس المصري الذي تدعم حكومته الصومال ضد إثيوبيا، وصل إلى البلاد الخميس وسيلتقي أيضا بأسياس قبل القمة الثلاثية.
وهذه هي الزيارة الأولى للسيسي الى أسمرة على الرغم من أن أسياس زار مصر في مناسبات عدة.
ويذكر أن العلاقات المتوترة تاريخيا بين الصومال وإثيوبيا تدهورت منذ الإعلان في الأول من كانون الثاني/يناير عن توقيع مذكرة تفاهم بين أديس أبابا وأرض الصومال الانفصالية، نددت بها مقديشو ووصفتها بأنها ""اعتداء"" على سيادتها.
وتنص المذكرة على تأجير 20 كيلومترا من ساحل أرض الصومال لإثيوبيا غير الساحلية لمدة 50 عاما. وكان إقليم أرض الصومال أعلن استقلاله من جانب واحد عام 1991.
وردت الصومال بتعزيز علاقاتها مع مصر.
منذ كانون الثاني/يناير، عزّزت مقديشو علاقاتها مع القاهرة، منافسة إثيوبيا التي تعارض خصوصا سد النهضة الكهرومائي الضخم الذي بنته أديس أبابا على نهر النيل.
واتخذ التعاون منحى عسكريا مع توقيع في 14 آب/أغسطس اتفاق دفاع، لم يتم الكشف عن محتواه.
وقالت الرئاسة المصرية إن السيسي سيتوجه إلى إريتريا للمساعدة في ""ترسيخ الاستقرار والأمن في القرن الافريقي والبحر الأحمر"".
وتدهورت العلاقات بين إثيوبيا وإريتريا بشكل أكبر في الآونة الأخيرة، رغم دعم أسمرة لقوات الحكومة الإثيوبية في النزاع مع متمردي تيغراي بين عامي 2020 و2022.
ويقول محللون إن إريتريا لم تكن راضية عن اتفاق السلام بين أديس أبابا وجبهة تحرير شعب تيغراي، العدو القديم لأسمرة، ولا تزال لديها قوات في أجزاء من تيغراي.
وأعلنت الخطوط الجوية الإثيوبية الشهر الماضي تعليق رحلاتها إلى أسمرة بسبب ظروف تشغيل ""صعبة"".
يحكم أسياس أفورقي إريتريا، التي تعتبر بمثابة كوريا الشمالية في القارة الأفريقية، بقبضة من حديد منذ إعلان استقلال البلاد عن إثيوبيا عام 1993، بعد ثلاثة عقود من الحرب.
فرانس24/ أ ف ب","
                                        في قمة ثلاثية انعقدت في أسمرة، التقى رؤساء مصر و إريتريا و الصومال الخميس على خلفية التوترات المتزايدة في المنطقة القرن الأفريقي. يأتي تصاعد التوتر في المنطقة بعد أن وقعت الجارة إثيوبيا في كانون الثاني/يناير اتفاقا مع جمهورية أرض الصومال الانفصالية يمنح الدولة المغلقة منفذا بحريا.                ",https://www.france24.com/ar/%D8%A3%D9%81%D8%B1%D9%8A%D9%82%D9%8A%D8%A7/20241010-%D9%82%D9%85%D8%A9-%D8%AA%D8%AC%D9%85%D8%B9-%D8%B1%D8%A4%D8%B3%D8%A7%D8%A1-%D9%85%D8%B5%D8%B1-%D9%88%D8%A5%D8%B1%D9%8A%D8%AA%D8%B1%D9%8A%D8%A7-%D9%88%D8%A7%D9%84%D8%B5%D9%88%D9%85%D8%A7%D9%84-%D9%81%D9%8A-%D8%B8%D9%84-%D8%AA%D9%88%D8%AA%D8%B1-%D8%A8%D9%85%D9%86%D8%B7%D9%82%D8%A9-%D8%A7%D9%84%D9%82%D8%B1%D9%86-%D8%A7%D9%84%D8%A3%D9%81%D8%B1%D9%8A%D9%82%D9%8A,10/10/2024 - 22:26,"

                                    أفريقيا
                            "
47,France 24,غارات إسرائيلية متواصلة على الضاحية واشتباكات عنيفة في الجنوب اللبناني,,"
                                                يظهر الفيديو حجم الدمار الذي طال الضاحية الجنوبية لبيروت بفعل الغارات الإسرائيلية المستمرة على الرغم من الدعوات الأمريكية المطالبة بعدم تحويل لبنان إلى ساحة شبيهة بغزة. وفي الجنوب اللبناني، يواصل الجيش الإسرائيلي محاولات التوغل في الأراضي اللبنانية.                     ",https://www.france24.com/ar/%D9%81%D9%8A%D8%AF%D9%8A%D9%88/20241010-%D8%BA%D8%A7%D8%B1%D8%A7%D8%AA-%D8%A5%D8%B3%D8%B1%D8%A7%D8%A6%D9%8A%D9%84%D9%8A%D8%A9-%D8%AC%D8%AF%D9%8A%D8%AF%D8%A9-%D8%AA%D8%B3%D8%AA%D9%87%D8%AF%D9%81-%D8%B6%D8%A7%D8%AD%D9%8A%D8%A9-%D8%A8%D9%8A%D8%B1%D9%88%D8%AA,10/10/2024 - 15:01,"
                                    الأخبار المغاربية
                            "
48,France 24,الجزائر.. دموع مدرب كرة قدم تشعل المنصات,,"
                                                تستعرض هذه الحلقة من باب الويب المواضيع التالية: الجزائر.. دموع مدرب كرة قدم تشعل المنصات. العراق.. طفل يقطع طريقا ليحتج على عقوبة معلمه. تونس.. صياد يحذر من انتشار سمكة الأرنب. السعودية.. مسنة بريطانية تتكلم اللهجة المحلية. الهند.. طفل يغير تعابير وجهه بسرعة فائقة.                    ",https://www.france24.com/ar/%D8%A8%D8%B1%D8%A7%D9%85%D8%AC/%D8%A8%D8%A7%D8%A8-%D8%A7%D9%84%D9%88%D9%8A%D8%A8/20241010-%D8%A7%D9%84%D8%AC%D8%B2%D8%A7%D8%A6%D8%B1-%D8%AF%D9%85%D9%88%D8%B9-%D9%85%D8%AF%D8%B1%D8%A8-%D9%83%D8%B1%D8%A9-%D9%82%D8%AF%D9%85-%D8%AA%D8%B4%D8%B9%D9%84-%D8%A7%D9%84%D9%85%D9%86%D8%B5%D8%A7%D8%AA,10/10/2024 - 10:29,"

                                    أفريقيا
                            "
49,France 24,لبنان: الطيران المدني في زمن الحرب؟,,"
                                                في ""صدى المشرق"" نسلط الضوء على الطيران المدني في زمن الحرب بلبنان، بعد مشاهد لطائرات تقلع أو تهبط في المطار اللبناني أثناء دوي غارات عنيفة في ضاحية بيروت الجنوبية. فهل هناك ضمانات بعدم استهداف الطائرات، وما هي الصعوبات والعقبات التي تواجهها الطائرات في هذه الظروف؟ ضيفة الحلقة أستاذة إدارة الطيران في جامعة ساري بلندن نادين عيتاني.                     ",https://www.france24.com/ar/%D8%A8%D8%B1%D8%A7%D9%85%D8%AC/%D8%B5%D8%AF%D9%89-%D8%A7%D9%84%D9%85%D8%B4%D8%B1%D9%82/20241010-%D9%84%D8%A8%D9%86%D8%A7%D9%86-%D8%A7%D9%84%D8%B7%D9%8A%D8%B1%D8%A7%D9%86-%D8%A7%D9%84%D9%85%D8%AF%D9%86%D9%8A-%D9%81%D9%8A-%D8%B2%D9%85%D9%86-%D8%A7%D9%84%D8%AD%D8%B1%D8%A8,10/10/2024 - 11:44,"

                                    اقتصاد
                            "
50,France 24,"""الوقت المناسب لإنهاء مسيرتي""... الأسطورة رافايل نادال يعلن اعتزاله كرة المضرب","
أعلن لاعب التنس الإسباني رافايل نادال (38 عاما) الخميس في مقطع فيديو إنهاء مسيرته الاحترافية في التنس بعد نهائي كأس ديفيز في نوفمبر/تشرين الثاني.
وقال اللاعب الحاصل على 22 لقبا في الفردي بالبطولات الأربع الكبرى والذي حصد 14 لقبا في بطولة فرنسا المفتوحة (رولان غاروس): ""بالطبع هذا قرار صعب جدا على نفسي لكنه الوقت المناسب لإسدال الستار على مسيرتي""، مقرا بأنه مر ""بأعوام صعبة خاصة في آخر سنتين"".
وتابع قائلا: ""حان الوقت لوضع حد لمسيرة طويلة وناجحة جدا لدرجة لم أكن أتوقعها. أنا متحمس جدا أن تكون دورتي الأخيرة في نهائيات كأس ديفيس حيث أمثل بلدي"".
وستبقى آخر مباراة له في مسيرته الاحترافية الفردية تلك التي خاضها في الدور الثاني لمسابقة كرة المضرب ضمن أولمبياد باريس 2024 أمام غريمه الصربي نوفاك جوكوفيتش وخسرها بنتيجة 6-1 و6-4.
""يا لها من مسيرة يا رافا!""
أشاد السويسري روجيه فيدرر بصديقه وغريمه السابق بالقول ""يا لها من مسيرة يا رافا! كنت آمل ألا يأتي هذا اليوم أبدا"". وتابع ""شكرا على الذكريات التي لا تنسى وجميع الانجازات المدهشة التي حققتها في اللعب التي نعشق. انه فخر كبير"".
وختم ابن مايوركا عقدين من المشاركات أحرز فيها 92 لقبا في البطولات الفردية وجوائز مالية بقيمة 135 مليون دولار.

و(إضافة إلى رولان غاروس 14 مرة)، أحرز لقب الولايات المتحدة (فلاشينغ ميدوز) أربع مرات، وأستراليا مرتين. أما في لندن (ويمبلدون)، فتوج مرتين في 2008 و2010. يملك في سجله أيضا الميدالية الذهبية في أولمبياد بكين 2008، وخمسة ألقاب في مسابقة كأس ديفيس للمنتخبات.
لقب واحد (على الأقل) في السنة بين 2004 و2022
في المجمل، أمضى 209 أسابيع في صدارة التصنيف العالمي للاعبين المحترفين، وأحرز على الأقل لقبا واحدا في السنة بين 2004 و2022.
ربما شعر بأن الاعتزال قريب في كأس ليفر في لندن في أيلول/سبتمبر 2022، عندما لعب إلى جانب فيدرر في مباراة تاريخية. بعمر الحادية والاربعين وبعد اصابات متلاحقة بالركبة، أعلن فيدرر اعتزاله.
بكي الرجلان واحتضنا بعضهما البعض مع نهاية مشوار السويسري. قال نادال ""عندما يودّع روجيه الملاعب، يودّع أيضاً جزء هام من حياتي"".","
                                        أعلن البطل الإسباني رافايل نادال (38 عاما) الخميس أنه سيضع حدا نهائيا لمسيرته الاحترافية في التنس بعد نهائي مسابقة كأس ديفيز في نوفمبر/تشرين الثاني. وحصل نادال على 22 لقبا في الفردي بالبطولات الأربع الكبرى بينها 14 لقبا في بطولة فرنسا المفتوحة (رولان غاروس).                 ",https://www.france24.com/ar/%D8%B1%D9%8A%D8%A7%D8%B6%D8%A9/20241010-%D8%A7%D9%84%D9%88%D9%82%D8%AA-%D8%A7%D9%84%D9%85%D9%86%D8%A7%D8%B3%D8%A8-%D8%A5%D9%86%D9%87%D8%A7%D8%A1-%D9%85%D8%B3%D9%8A%D8%B1%D8%A9-%D8%A7%D9%84%D8%A8%D8%B7%D9%84-%D8%A7%D9%84%D8%A5%D8%B3%D8%A8%D8%A7%D9%86%D9%8A-%D8%A7%D9%84%D9%83%D8%A8%D9%8A%D8%B1-%D8%B1%D8%A7%D9%81%D8%A7%D9%8A%D9%84-%D9%86%D8%A7%D8%AF%D8%A7%D9%84-%D9%8A%D8%B9%D9%84%D9%86-%D8%A7%D8%B9%D8%AA%D8%B2%D8%A7%D9%84%D9%87-%D9%83%D8%B1%D8%A9-%D8%A7%D9%84%D9%85%D8%B6%D8%B1%D8%A8,10/10/2024 - 12:07,"

                                    رياضة
                            "
51,France 24,لماذا تطالب الجزائر بمراجعة اتفاق الشراكة مع الاتحاد الأوروبي؟,,"
                                                يتوقف حكيم بالطيفة في فقرة وجها لوجه عند مطالبة الجزائر على لسان رئيسها عبد المجيد تبون ووزير خارجيتها أحمد عطاف بمراجعة اتفاق الشراكة الذي يربطها بالاتحاد الأوروبي بشكل يوازن مصالح الطرفين ويدعم جهود التنمية في البلاد من دون قيد أوشرط أو عوائق، مع الضيفين: من مدينة معسكر بالغرب الجزائري، الدكتور أبو الفضل محمد بهلولي أستاذ العلوم السياسية والقانون العام بجامعة معسكر ومن بون في ألمانيا السيد منصف السليمي الصحفي المختص بالشؤون المغاربية والأوروبية.                     ",https://www.france24.com/ar/%D8%A8%D8%B1%D8%A7%D9%85%D8%AC/%D9%88%D8%AC%D9%87%D8%A7-%D9%84%D9%88%D8%AC%D9%87/20241010-%D9%84%D9%85%D8%A7%D8%B0%D8%A7-%D8%AA%D8%B7%D8%A7%D9%84%D8%A8-%D8%A7%D9%84%D8%AC%D8%B2%D8%A7%D8%A6%D8%B1-%D8%A8%D9%85%D8%B1%D8%A7%D8%AC%D8%B9%D8%A9-%D8%A7%D8%AA%D9%81%D8%A7%D9%82-%D8%A7%D9%84%D8%B4%D8%B1%D8%A7%D9%83%D8%A9-%D9%85%D8%B9-%D8%A7%D9%84%D8%A7%D8%AA%D8%AD%D8%A7%D8%AF-%D8%A7%D9%84%D8%A3%D9%88%D8%B1%D9%88%D8%A8%D9%8A,10/10/2024 - 22:26,"

                                    الأخبار المغاربية
                            "
52,France 24,جنود إسرائيليون يوجهون رسالة تحذير للحكومة لإبرام صفقة لوقف إطلاق النار بغزة,,"
                                                وجه 130 جنديا إسرائيليا رسالة تحذيرية، أعلنوا فيها عزمهم على التوقف عن الخدمة العسكرية ما لم تبادر الحكومة بالعمل على إبرام صفقة لتبادل الرهائن ووقف إطلاق النار في قطاع غزّة.                    ",https://www.france24.com/ar/%D9%81%D9%8A%D8%AF%D9%8A%D9%88/20241010-%D8%B6%D8%A8%D8%A7%D8%B7-%D8%A5%D8%B3%D8%B1%D8%A7%D8%A6%D9%8A%D9%84%D9%8A%D9%88%D9%86-%D9%8A%D8%AD%D8%B0%D8%B1%D9%88%D9%86-%D8%A7%D9%84%D8%AD%D9%83%D9%88%D9%85%D8%A9-%D8%A7%D9%84%D8%A5%D8%B3%D8%B1%D8%A7%D8%A6%D9%8A%D9%84%D9%8A%D8%A9,10/10/2024 - 11:42,"
                                    الأخبار المغاربية
                            "
53,France 24,قائد قوات الدعم السريع يتهم مصر بشن غارات على قواته,,"
                                                اتهم محمد حمدان دقلو (حميدتي) قائد قوات الدعم السريع في السودان مصر بشن ضربات جوية على قوات المجموعة شبه العسكرية، وذلك في مقطع فيديو مسجل اليوم الأربعاء. كما اتهم حميدتي القاهرة بتدريب الجيش السوداني وإمداده بطائرات مسيرة في الحرب المستمرة منذ 18 شهر تقريبا في السودان بين قوات الدعم السريع والجيش السوداني الذي حقق تقدما في الآونة الأخيرة.                     ",https://www.france24.com/ar/%D9%81%D9%8A%D8%AF%D9%8A%D9%88/20241010-%D9%82%D8%A7%D8%A6%D8%AF-%D9%82%D9%88%D8%A7%D8%AA-%D8%A7%D9%84%D8%AF%D8%B9%D9%85-%D8%A7%D9%84%D8%B3%D8%B1%D9%8A%D8%B9-%D9%8A%D8%AA%D9%87%D9%85-%D9%85%D8%B5%D8%B1-%D8%A8%D8%B4%D9%86-%D8%BA%D8%A7%D8%B1%D8%A7%D8%AA-%D8%B9%D9%84%D9%89-%D9%82%D9%88%D8%A7%D8%AA%D9%87,10/10/2024 - 12:39,"
                                    الأخبار المغاربية
                            "
