version https://git-lfs.github.com/spec/v1
oid sha256:acbdf299c9313831d979039b299201a81ed002e841929f165ff207a997830ebe
size 30640
